        Frequency / GHz                SZmax(1),Zmax(1)/arg,degrees
----------------------------------------------------------------------
                      10                       139.84162
                   10.02                       139.43492
                   10.04                       139.01822
                   10.06                       138.59112
                   10.08                       138.15318
                    10.1                       137.70396
                   10.12                       137.24298
                   10.14                       136.76974
                   10.16                       136.28371
                   10.18                       135.78431
                    10.2                       135.27097
                   10.22                       134.74304
                   10.24                       134.19986
                   10.26                       133.64071
                   10.28                       133.06486
                    10.3                       132.47149
                   10.32                       131.85976
                   10.34                       131.22877
                   10.36                       130.57754
                   10.38                       129.90505
                    10.4                       129.21022
                   10.42                       128.49186
                   10.44                       127.74873
                   10.46                        126.9795
                   10.48                       126.18273
                    10.5                       125.35689
                   10.52                       124.50034
                   10.54                       123.61132
                   10.56                       122.68794
                   10.58                       121.72815
                    10.6                       120.72977
                   10.62                       119.69044
                   10.64                       118.60762
                   10.66                       117.47856
                   10.68                        116.3003
                    10.7                       115.06964
                   10.72                       113.78312
                   10.74                       112.43698
                   10.76                       111.02718
                   10.78                       109.54931
                    10.8                       107.99862
                   10.82                       106.36993
                   10.84                       104.65763
                   10.86                       102.85566
                   10.88                       100.95742
                    10.9                       98.955771
                   10.92                       96.842983
                   10.94                       94.610695
                   10.96                       92.249885
                   10.98                       89.750837
                      11                       87.103122
                   11.02                       84.295596
                   11.04                       81.316412
                   11.06                       78.153067
                   11.08                       74.792481
                    11.1                       71.221142
                   11.12                       67.425299
                   11.14                       63.391261
                   11.16                       59.105784
                   11.18                       54.556597
                    11.2                       49.733057
                   11.22                       44.626969
                   11.24                       39.233534
                   11.26                       33.552434
                   11.28                       27.588963
                    11.3                       21.355126
                   11.32                       14.870559
                   11.34                        8.163104
                   11.36                       1.2688657
                   11.38                       -5.768402
                    11.4                      -12.898635
                   11.42                      -20.067479
                   11.44                      -27.218806
                   11.46                      -34.297435
                   11.48                      -41.251735
                    11.5                      -48.035794
                   11.52                      -54.610949
                   11.54                      -60.946599
                   11.56                      -67.020341
                   11.58                      -72.817538
                    11.6                      -78.330515
                   11.62                      -83.557521
                   11.64                      -88.501627
                   11.66                      -93.169644
                   11.68                      -97.571143
                    11.7                      -101.71761
                   11.72                      -105.62175
                   11.74                      -109.29692
                   11.76                      -112.75669
                   11.78                      -116.01453
                    11.8                      -119.08357
                   11.82                      -121.97644
                   11.84                      -124.70516
                   11.86                      -127.28108
                   11.88                      -129.71487
                    11.9                      -132.01647
                   11.92                      -134.19517
                   11.94                      -136.25955
                   11.96                       -138.2176
                   11.98                      -140.07667
                      12                      -141.84358
                   12.02                      -143.52461
                   12.04                      -145.12555
                   12.06                      -146.65176
                   12.08                      -148.10816
                    12.1                      -149.49932
                   12.12                      -150.82943
                   12.14                      -152.10237
                   12.16                      -153.32174
                   12.18                      -154.49085
                    12.2                      -155.61277
                   12.22                      -156.69034
                   12.24                      -157.72619
                   12.26                      -158.72278
                   12.28                      -159.68236
                    12.3                      -160.60704
                   12.32                      -161.49879
                   12.34                      -162.35942
                   12.36                      -163.19065
                   12.38                      -163.99404
                    12.4                      -164.77108
                   12.42                      -165.52315
                   12.44                      -166.25154
                   12.46                      -166.95746
                   12.48                      -167.64204
                    12.5                      -168.30635
                   12.52                      -168.95137
                   12.54                      -169.57803
                   12.56                      -170.18723
                   12.58                      -170.77978
                    12.6                      -171.35645
                   12.62                      -171.91799
                   12.64                      -172.46508
                   12.66                      -172.99836
                   12.68                      -173.51846
                    12.7                      -174.02596
                   12.72                      -174.52139
                   12.74                      -175.00529
                   12.76                      -175.47814
                   12.78                      -175.94041
                    12.8                      -176.39253
                   12.82                      -176.83493
                   12.84                        -177.268
                   12.86                      -177.69212
                   12.88                      -178.10765
                    12.9                      -178.51493
                   12.92                      -178.91428
                   12.94                      -179.30601
                   12.96                      -179.69041
                   12.98                       179.93223
                      13                       179.56164
                   13.02                       179.19758
                   13.04                        178.8398
                   13.06                       178.48806
                   13.08                       178.14215
                    13.1                       177.80185
                   13.12                       177.46695
                   13.14                       177.13728
                   13.16                       176.81263
                   13.18                       176.49282
                    13.2                        176.1777
                   13.22                       175.86709
                   13.24                       175.56083
                   13.26                       175.25878
                   13.28                       174.96079
                    13.3                       174.66672
                   13.32                       174.37644
                   13.34                       174.08981
                   13.36                       173.80672
                   13.38                       173.52704
                    13.4                       173.25066
                   13.42                       172.97746
                   13.44                       172.70735
                   13.46                       172.44022
                   13.48                       172.17596
                    13.5                       171.91449
                   13.52                       171.65571
                   13.54                       171.39953
                   13.56                       171.14587
                   13.58                       170.89464
                    13.6                       170.64576
                   13.62                       170.39915
                   13.64                       170.15475
                   13.66                       169.91247
                   13.68                       169.67224
                    13.7                         169.434
                   13.72                       169.19768
                   13.74                       168.96322
                   13.76                       168.73055
                   13.78                       168.49961
                    13.8                       168.27035
                   13.82                        168.0427
                   13.84                       167.81662
                   13.86                       167.59205
                   13.88                       167.36894
                    13.9                       167.14723
                   13.92                       166.92688
                   13.94                       166.70783
                   13.96                       166.49005
                   13.98                       166.27349
                      14                        166.0581
                   14.02                       165.84383
                   14.04                       165.63066
                   14.06                       165.41853
                   14.08                       165.20741
                    14.1                       164.99726
                   14.12                       164.78804
                   14.14                       164.57971
                   14.16                       164.37223
                   14.18                       164.16558
                    14.2                       163.95971
                   14.22                        163.7546
                   14.24                       163.55021
                   14.26                        163.3465
                   14.28                       163.14345
                    14.3                       162.94103
                   14.32                       162.73919
                   14.34                       162.53793
                   14.36                        162.3372
                   14.38                       162.13697
                    14.4                       161.93723
                   14.42                       161.73794
                   14.44                       161.53907
                   14.46                        161.3406
                   14.48                        161.1425
                    14.5                       160.94475
                   14.52                       160.74732
                   14.54                       160.55019
                   14.56                       160.35333
                   14.58                       160.15672
                    14.6                       159.96033
                   14.62                       159.76415
                   14.64                       159.56815
                   14.66                        159.3723
                   14.68                       159.17659
                    14.7                       158.98099
                   14.72                       158.78549
                   14.74                       158.59005
                   14.76                       158.39467
                   14.78                       158.19931
                    14.8                       158.00396
                   14.82                        157.8086
                   14.84                       157.61321
                   14.86                       157.41777
                   14.88                       157.22226
                    14.9                       157.02666
                   14.92                       156.83095
                   14.94                       156.63511
                   14.96                       156.43913
                   14.98                       156.24298
                      15                       156.04665
                   15.02                       155.85012
                   15.04                       155.65337
                   15.06                       155.45638
                   15.08                       155.25913
                    15.1                       155.06162
                   15.12                       154.86381
                   15.14                        154.6657
                   15.16                       154.46727
                   15.18                       154.26849
                    15.2                       154.06935
                   15.22                       153.86984
                   15.24                       153.66994
                   15.26                       153.46962
                   15.28                       153.26889
                    15.3                       153.06771
                   15.32                       152.86607
                   15.34                       152.66396
                   15.36                       152.46135
                   15.38                       152.25824
                    15.4                       152.05461
                   15.42                       151.85043
                   15.44                        151.6457
                   15.46                       151.44039
                   15.48                        151.2345
                    15.5                         151.028
                   15.52                       150.82089
                   15.54                       150.61313
                   15.56                       150.40473
                   15.58                       150.19565
                    15.6                       149.98589
                   15.62                       149.77543
                   15.64                       149.56426
                   15.66                       149.35235
                   15.68                        149.1397
                    15.7                       148.92628
                   15.72                       148.71208
                   15.74                       148.49708
                   15.76                       148.28127
                   15.78                       148.06464
                    15.8                       147.84716
                   15.82                       147.62882
                   15.84                        147.4096
                   15.86                        147.1895
                   15.88                       146.96848
                    15.9                       146.74654
                   15.92                       146.52366
                   15.94                       146.29983
                   15.96                       146.07502
                   15.98                       145.84922
                      16                       145.62242
                   16.02                       145.39459
                   16.04                       145.16573
                   16.06                       144.93581
                   16.08                       144.70482
                    16.1                       144.47274
                   16.12                       144.23956
                   16.14                       144.00526
                   16.16                       143.76982
                   16.18                       143.53322
                    16.2                       143.29545
                   16.22                        143.0565
                   16.24                       142.81633
                   16.26                       142.57495
                   16.28                       142.33233
                    16.3                       142.08844
                   16.32                       141.84329
                   16.34                       141.59684
                   16.36                       141.34908
                   16.38                           141.1
                    16.4                       140.84957
                   16.42                       140.59778
                   16.44                       140.34461
                   16.46                       140.09004
                   16.48                       139.83405
                    16.5                       139.57663
                   16.52                       139.31776
                   16.54                       139.05741
                   16.56                       138.79558
                   16.58                       138.53224
                    16.6                       138.26738
                   16.62                       138.00097
                   16.64                       137.73299
                   16.66                       137.46344
                   16.68                       137.19228
                    16.7                        136.9195
                   16.72                       136.64508
                   16.74                         136.369
                   16.76                       136.09125
                   16.78                       135.81179
                    16.8                       135.53062
                   16.82                       135.24771
                   16.84                       134.96305
                   16.86                        134.6766
                   16.88                       134.38836
                    16.9                        134.0983
                   16.92                        133.8064
                   16.94                       133.51265
                   16.96                       133.21701
                   16.98                       132.91947
                      17                       132.62001
                   17.02                       132.31861
                   17.04                       132.01525
                   17.06                       131.70989
                   17.08                       131.40254
                    17.1                       131.09315
                   17.12                       130.78171
                   17.14                        130.4682
                   17.16                        130.1526
                   17.18                       129.83487
                    17.2                       129.51501
                   17.22                       129.19298
                   17.24                       128.86877
                   17.26                       128.54234
                   17.28                       128.21369
                    17.3                       127.88277
                   17.32                       127.54958
                   17.34                       127.21408
                   17.36                       126.87624
                   17.38                       126.53606
                    17.4                       126.19349
                   17.42                       125.84851
                   17.44                       125.50111
                   17.46                       125.15124
                   17.48                        124.7989
                    17.5                       124.44403
                   17.52                       124.08663
                   17.54                       123.72667
                   17.56                        123.3641
                   17.58                       122.99891
                    17.6                       122.63107
                   17.62                       122.26055
                   17.64                       121.88731
                   17.66                       121.51132
                   17.68                       121.13255
                    17.7                       120.75098
                   17.72                       120.36656
                   17.74                       119.97926
                   17.76                       119.58905
                   17.78                       119.19588
                    17.8                       118.79973
                   17.82                       118.40056
                   17.84                       117.99832
                   17.86                       117.59297
                   17.88                       117.18447
                    17.9                       116.77278
                   17.92                       116.35785
                   17.94                       115.93964
                   17.96                       115.51809
                   17.98                       115.09316
                      18                       114.66479
                   18.02                       114.23293
                   18.04                       113.79751
                   18.06                       113.35849
                   18.08                       112.91579
                    18.1                       112.46934
                   18.12                       112.01909
                   18.14                       111.56494
                   18.16                       111.10684
                   18.18                       110.64469
                    18.2                       110.17841
                   18.22                        109.7079
                   18.24                       109.23308
                   18.26                       108.75383
                   18.28                       108.27005
                    18.3                       107.78162
                   18.32                       107.28842
                   18.34                       106.79031
                   18.36                       106.28715
                   18.38                       105.77879
                    18.4                       105.26508
                   18.42                       104.74583
                   18.44                       104.22085
                   18.46                       103.68996
                   18.48                       103.15292
                    18.5                       102.60951
                   18.52                       102.05947
                   18.54                       101.50254
                   18.56                        100.9384
                   18.58                       100.36675
                    18.6                       99.787231
                   18.62                       99.199463
                   18.64                       98.603031
                   18.66                       97.997482
                   18.68                       97.382318
                    18.7                       96.756996
                   18.72                       96.120918
                   18.74                       95.473426
                   18.76                       94.813794
                   18.78                        94.14122
                    18.8                       93.454818
                   18.82                         92.7536
                   18.84                       92.036471
                   18.86                       91.302208
                   18.88                       90.549442
                    18.9                        89.77664
                   18.92                       88.982076
                   18.94                       88.163805
                   18.96                       87.319623
                   18.98                       86.447029
                      19                       85.543173
                   19.02                       84.604791
                   19.04                        83.62814
                   19.06                       82.608898
                   19.08                       81.542061
                    19.1                       80.421801
                   19.12                       79.241306
                   19.14                       77.992563
                   19.16                         76.6661
                   19.18                       75.250659
                    19.2                       73.732774
                   19.22                       72.096252
                   19.24                       70.321492
                   19.26                       68.384639
                   19.28                       66.256495
                    19.3                       63.901158
                   19.32                       61.274337
                   19.34                       58.321353
                   19.36                       54.974921
                   19.38                       51.153094
                    19.4                       46.758242
                   19.42                        41.67897
                   19.44                       35.798463
                   19.46                       29.014625
                   19.48                       21.277437
                    19.5                       12.642284
                   19.52                       3.3195597
                   19.54                      -6.3207317
                   19.56                      -15.822001
                   19.58                      -24.766436
                    19.6                      -32.876125
                   19.62                      -40.038018
                   19.64                      -46.266765
                   19.66                      -51.649128
                   19.68                       -56.29931
                    19.7                      -60.332408
                   19.72                       -63.85207
                   19.74                      -66.946521
                   19.76                      -69.688714
                   19.78                      -72.138121
                    19.8                      -74.342945
                   19.82                       -76.34224
                   19.84                      -78.167716
                   19.86                      -79.845235
                   19.88                      -81.395993
                    19.9                       -82.83747
                   19.92                       -84.18416
                   19.94                      -85.448161
                   19.96                      -86.639624
                   19.98                       -87.76712
                      20                      -88.837925
                   20.02                      -89.858248
                   20.04                      -90.833414
                   20.06                      -91.768013
                   20.08                       -92.66602
                    20.1                       -93.53089
                   20.12                       -94.36564
                   20.14                      -95.172917
                   20.16                      -95.955048
                   20.18                      -96.714087
                    20.2                      -97.451856
                   20.22                      -98.169973
                   20.24                      -98.869882
                   20.26                      -99.552871
                   20.28                       -100.2201
                    20.3                       -100.8726
                   20.32                      -101.51132
                   20.34                       -102.1371
                   20.36                      -102.75071
                   20.38                      -103.35284
                    20.4                      -103.94413
                   20.42                      -104.52515
                   20.44                      -105.09643
                   20.46                      -105.65845
                   20.48                      -106.21165
                    20.5                      -106.75645
                   20.52                      -107.29321
                   20.54                      -107.82227
                   20.56                      -108.34396
                   20.58                      -108.85857
                    20.6                      -109.36637
                   20.62                      -109.86761
                   20.64                      -110.36253
                   20.66                      -110.85134
                   20.68                      -111.33426
                    20.7                      -111.81146
                   20.72                      -112.28313
                   20.74                      -112.74943
                   20.76                      -113.21053
                   20.78                      -113.66655
                    20.8                      -114.11765
                   20.82                      -114.56395
                   20.84                      -115.00558
                   20.86                      -115.44264
                   20.88                      -115.87525
                    20.9                      -116.30351
                   20.92                      -116.72752
                   20.94                      -117.14737
                   20.96                      -117.56314
                   20.98                      -117.97493
                      21                      -118.38281
                   21.02                      -118.78686
                   21.04                      -119.18714
                   21.06                      -119.58374
                   21.08                      -119.97671
                    21.1                      -120.36612
                   21.12                      -120.75204
                   21.14                      -121.13451
                   21.16                      -121.51359
                   21.18                      -121.88935
                    21.2                      -122.26182
                   21.22                      -122.63107
                   21.24                      -122.99714
                   21.26                      -123.36008
                   21.28                      -123.71993
                    21.3                      -124.07674
                   21.32                      -124.43055
                   21.34                       -124.7814
                   21.36                      -125.12934
                   21.38                       -125.4744
                    21.4                      -125.81661
                   21.42                      -126.15602
                   21.44                      -126.49267
                   21.46                      -126.82659
                   21.48                       -127.1578
                    21.5                      -127.48636
                   21.52                      -127.81228
                   21.54                       -128.1356
                   21.56                      -128.45636
                   21.58                      -128.77458
                    21.6                       -129.0903
                   21.62                      -129.40354
                   21.64                      -129.71433
                   21.66                       -130.0227
                   21.68                      -130.32868
                    21.7                       -130.6323
                   21.72                      -130.93359
                   21.74                      -131.23256
                   21.76                      -131.52924
                   21.78                      -131.82367
                    21.8                      -132.11587
                   21.82                      -132.40586
                   21.84                      -132.69367
                   21.86                      -132.97931
                   21.88                      -133.26282
                    21.9                      -133.54422
                   21.92                      -133.82353
                   21.94                      -134.10077
                   21.96                      -134.37597
                   21.98                      -134.64914
                      22                      -134.92032
                   22.02                      -135.18952
                   22.04                      -135.45676
                   22.06                      -135.72206
                   22.08                      -135.98546
                    22.1                      -136.24695
                   22.12                      -136.50657
                   22.14                      -136.76434
                   22.16                      -137.02028
                   22.18                       -137.2744
                    22.2                      -137.52672
                   22.22                      -137.77727
                   22.24                      -138.02606
                   22.26                      -138.27311
                   22.28                      -138.51845
                    22.3                      -138.76208
                   22.32                      -139.00403
                   22.34                      -139.24431
                   22.36                      -139.48295
                   22.38                      -139.71996
                    22.4                      -139.95535
                   22.42                      -140.18915
                   22.44                      -140.42137
                   22.46                      -140.65203
                   22.48                      -140.88115
                    22.5                      -141.10873
                   22.52                      -141.33481
                   22.54                      -141.55939
                   22.56                      -141.78249
                   22.58                      -142.00413
                    22.6                      -142.22431
                   22.62                      -142.44307
                   22.64                      -142.66041
                   22.66                      -142.87635
                   22.68                       -143.0909
                    22.7                      -143.30409
                   22.72                      -143.51591
                   22.74                       -143.7264
                   22.76                      -143.93555
                   22.78                       -144.1434
                    22.8                      -144.34994
                   22.82                      -144.55521
                   22.84                       -144.7592
                   22.86                      -144.96194
                   22.88                      -145.16343
                    22.9                       -145.3637
                   22.92                      -145.56275
                   22.94                       -145.7606
                   22.96                      -145.95726
                   22.98                      -146.15275
                      23                      -146.34708
                   23.02                      -146.54026
                   23.04                       -146.7323
                   23.06                      -146.92323
                   23.08                      -147.11304
                    23.1                      -147.30175
                   23.12                      -147.48938
                   23.14                      -147.67594
                   23.16                      -147.86144
                   23.18                      -148.04589
                    23.2                      -148.22931
                   23.22                       -148.4117
                   23.24                      -148.59308
                   23.26                      -148.77347
                   23.28                      -148.95286
                    23.3                      -149.13128
                   23.32                      -149.30874
                   23.34                      -149.48524
                   23.36                       -149.6608
                   23.38                      -149.83544
                    23.4                      -150.00915
                   23.42                      -150.18196
                   23.44                      -150.35388
                   23.46                      -150.52491
                   23.48                      -150.69506
                    23.5                      -150.86436
                   23.52                       -151.0328
                   23.54                      -151.20041
                   23.56                      -151.36718
                   23.58                      -151.53314
                    23.6                      -151.69829
                   23.62                      -151.86265
                   23.64                      -152.02621
                   23.66                      -152.18901
                   23.68                      -152.35104
                    23.7                      -152.51231
                   23.72                      -152.67285
                   23.74                      -152.83265
                   23.76                      -152.99172
                   23.78                      -153.15009
                    23.8                      -153.30776
                   23.82                      -153.46473
                   23.84                      -153.62103
                   23.86                      -153.77666
                   23.88                      -153.93163
                    23.9                      -154.08594
                   23.92                      -154.23963
                   23.94                      -154.39268
                   23.96                      -154.54512
                   23.98                      -154.69695
                      24                      -154.84819
                   24.02                      -154.99884
                   24.04                      -155.14891
                   24.06                      -155.29843
                   24.08                      -155.44738
                    24.1                       -155.5958
                   24.12                      -155.74368
                   24.14                      -155.89105
                   24.16                       -156.0379
                   24.18                      -156.18425
                    24.2                      -156.33012
                   24.22                       -156.4755
                   24.24                      -156.62042
                   24.26                      -156.76489
                   24.28                      -156.90891
                    24.3                       -157.0525
                   24.32                      -157.19567
                   24.34                      -157.33842
                   24.36                      -157.48078
                   24.38                      -157.62276
                    24.4                      -157.76436
                   24.42                      -157.90559
                   24.44                      -158.04648
                   24.46                      -158.18703
                   24.48                      -158.32726
                    24.5                      -158.46718
                   24.52                      -158.60679
                   24.54                      -158.74612
                   24.56                      -158.88518
                   24.58                      -159.02398
                    24.6                      -159.16254
                   24.62                      -159.30086
                   24.64                      -159.43897
                   24.66                      -159.57688
                   24.68                       -159.7146
                    24.7                      -159.85215
                   24.72                      -159.98954
                   24.74                       -160.1268
                   24.76                      -160.26393
                   24.78                      -160.40096
                    24.8                       -160.5379
                   24.82                      -160.67477
                   24.84                      -160.81158
                   24.86                      -160.94836
                   24.88                      -161.08513
                    24.9                       -161.2219
                   24.92                       -161.3587
                   24.94                      -161.49555
                   24.96                      -161.63246
                   24.98                      -161.76947
                      25                      -161.90659
                   25.02                      -162.04384
                   25.04                      -162.18127
                   25.06                      -162.31888
                   25.08                       -162.4567
                    25.1                      -162.59478
                   25.12                      -162.73312
                   25.14                      -162.87177
                   25.16                      -163.01075
                   25.18                      -163.15009
                    25.2                      -163.28984
                   25.22                      -163.43003
                   25.24                      -163.57068
                   25.26                      -163.71185
                   25.28                      -163.85357
                    25.3                      -163.99589
                   25.32                      -164.13884
                   25.34                      -164.28249
                   25.36                      -164.42686
                   25.38                      -164.57202
                    25.4                      -164.71803
                   25.42                      -164.86493
                   25.44                      -165.01278
                   25.46                      -165.16166
                   25.48                      -165.31163
                    25.5                      -165.46276
                   25.52                      -165.61512
                   25.54                       -165.7688
                   25.56                      -165.92388
                   25.58                      -166.08044
                    25.6                      -166.23859
                   25.62                      -166.39843
                   25.64                      -166.56006
                   25.66                       -166.7236
                   25.68                      -166.88918
                    25.7                      -167.05692
                   25.72                      -167.22698
                   25.74                      -167.39949
                   25.76                      -167.57462
                   25.78                      -167.75256
                    25.8                      -167.93349
                   25.82                      -168.11761
                   25.84                      -168.30514
                   25.86                      -168.49633
                   25.88                      -168.69143
                    25.9                      -168.89072
                   25.92                      -169.09452
                   25.94                      -169.30315
                   25.96                      -169.51697
                   25.98                       -169.7364
                      26                      -169.96185
                   26.02                      -170.19382
                   26.04                      -170.43282
                   26.06                      -170.67944
                   26.08                      -170.93433
                    26.1                      -171.19818
                   26.12                       -171.4718
                   26.14                      -171.75606
                   26.16                      -172.05195
                   26.18                      -172.36056
                    26.2                      -172.68311
                   26.22                      -173.02101
                   26.24                       -173.3758
                   26.26                      -173.74925
                   26.28                      -174.14338
                    26.3                      -174.56045
                   26.32                      -175.00306
                   26.34                       -175.4742
                   26.36                      -175.97727
                   26.38                      -176.51617
                    26.4                      -177.09543
                   26.42                      -177.72021
                   26.44                      -178.39649
                   26.46                      -179.13113
                   26.48                      -179.93194
                    26.5                       179.19222
                   26.52                       178.23148
                   26.54                       177.17521
                   26.56                       176.01253
                   26.58                       174.73349
                    26.6                       173.33146
                   26.62                       171.80749
                   26.64                       170.17842
                   26.66                       168.49088
                   26.68                       166.84491
                    26.7                       165.43069
                   26.72                       164.57825
                   26.74                       164.80353
                   26.76                        166.7873
                   26.78                       171.13756
                    26.8                       177.80254
                   26.82                      -174.44558
                   26.84                      -167.42251
                   26.86                      -162.23118
                   26.88                      -158.93057
                    26.9                      -157.08201
                   26.92                      -156.20737
                   26.94                      -155.94342
                   26.96                      -156.04745
                   26.98                      -156.36567
                      27                      -156.80287
                   27.02                      -157.30076
                   27.04                      -157.82393
                   27.06                      -158.35115
                   27.08                      -158.86992
                    27.1                      -159.37316
                   27.12                      -159.85714
                   27.14                       -160.3202
                   27.16                      -160.76194
                   27.18                      -161.18273
                    27.2                      -161.58336
                   27.22                      -161.96488
                   27.24                      -162.32841
                   27.26                      -162.67514
                   27.28                      -163.00623
                    27.3                      -163.32279
                   27.32                      -163.62588
                   27.34                      -163.91647
                   27.36                      -164.19548
                   27.38                      -164.46376
                    27.4                      -164.72209
                   27.42                      -164.97118
                   27.44                      -165.21169
                   27.46                      -165.44422
                   27.48                      -165.66932
                    27.5                      -165.88751
                   27.52                      -166.09925
                   27.54                      -166.30497
                   27.56                      -166.50505
                   27.58                      -166.69987
                    27.6                      -166.88976
                   27.62                      -167.07503
                   27.64                      -167.25595
                   27.66                       -167.4328
                   27.68                      -167.60582
                    27.7                      -167.77523
                   27.72                      -167.94124
                   27.74                      -168.10404
                   27.76                      -168.26383
                   27.78                      -168.42076
                    27.8                      -168.57499
                   27.82                      -168.72668
                   27.84                      -168.87595
                   27.86                      -169.02293
                   27.88                      -169.16776
                    27.9                      -169.31053
                   27.92                      -169.45135
                   27.94                      -169.59033
                   27.96                      -169.72756
                   27.98                      -169.86313
                      28                      -169.99711
                   28.02                       -170.1296
                   28.04                      -170.26066
                   28.06                      -170.39036
                   28.08                      -170.51877
                    28.1                      -170.64595
                   28.12                      -170.77198
                   28.14                      -170.89689
                   28.16                      -171.02075
                   28.18                       -171.1436
                    28.2                       -171.2655
                   28.22                       -171.3865
                   28.24                      -171.50664
                   28.26                      -171.62596
                   28.28                      -171.74451
                    28.3                      -171.86232
                   28.32                      -171.97943
                   28.34                      -172.09589
                   28.36                      -172.21172
                   28.38                      -172.32695
                    28.4                      -172.44163
                   28.42                      -172.55578
                   28.44                      -172.66944
                   28.46                      -172.78263
                   28.48                      -172.89538
                    28.5                      -173.00773
                   28.52                      -173.11969
                   28.54                      -173.23129
                   28.56                      -173.34257
                   28.58                      -173.45353
                    28.6                      -173.56422
                   28.62                      -173.67465
                   28.64                      -173.78485
                   28.66                      -173.89484
                   28.68                      -174.00463
                    28.7                      -174.11426
                   28.72                      -174.22375
                   28.74                      -174.33311
                   28.76                      -174.44237
                   28.78                      -174.55155
                    28.8                      -174.66067
                   28.82                      -174.76974
                   28.84                      -174.87879
                   28.86                      -174.98785
                   28.88                      -175.09692
                    28.9                      -175.20602
                   28.92                      -175.31519
                   28.94                      -175.42443
                   28.96                      -175.53377
                   28.98                      -175.64322
                      29                      -175.75281
                   29.02                      -175.86255
                   29.04                      -175.97247
                   29.06                      -176.08257
                   29.08                      -176.19289
                    29.1                      -176.30344
                   29.12                      -176.41424
                   29.14                      -176.52531
                   29.16                      -176.63667
                   29.18                      -176.74834
                    29.2                      -176.86034
                   29.22                      -176.97269
                   29.24                      -177.08541
                   29.26                      -177.19853
                   29.28                      -177.31205
                    29.3                      -177.42601
                   29.32                      -177.54043
                   29.34                      -177.65533
                   29.36                      -177.77072
                   29.38                      -177.88664
                    29.4                       -178.0031
                   29.42                      -178.12013
                   29.44                      -178.23776
                   29.46                        -178.356
                   29.48                      -178.47489
                    29.5                      -178.59444
                   29.52                      -178.71469
                   29.54                      -178.83565
                   29.56                      -178.95736
                   29.58                      -179.07985
                    29.6                      -179.20313
                   29.62                      -179.32725
                   29.64                      -179.45223
                   29.66                       -179.5781
                   29.68                      -179.70489
                    29.7                      -179.83263
                   29.72                      -179.96136
                   29.74                       179.90889
                   29.76                       179.77808
                   29.78                       179.64619
                    29.8                       179.51317
                   29.82                       179.37899
                   29.84                       179.24361
                   29.86                       179.10699
                   29.88                       178.96908
                    29.9                       178.82986
                   29.92                       178.68926
                   29.94                       178.54725
                   29.96                       178.40379
                   29.98                       178.25882
                      30                        178.1123

