        Frequency / GHz                SZmax(1),Zmax(1)/abs,linear
----------------------------------------------------------------------
                      10                      0.96669945
                   10.02                      0.96625345
                   10.04                       0.9657941
                   10.06                      0.96532077
                   10.08                      0.96483277
                    10.1                      0.96432938
                   10.12                      0.96380982
                   10.14                      0.96327326
                   10.16                      0.96271884
                   10.18                       0.9621456
                    10.2                      0.96155256
                   10.22                      0.96093864
                   10.24                       0.9603027
                   10.26                      0.95964351
                   10.28                      0.95895977
                    10.3                      0.95825008
                   10.32                      0.95751293
                   10.34                       0.9567467
                   10.36                      0.95594966
                   10.38                      0.95511995
                    10.4                      0.95425557
                   10.42                      0.95335435
                   10.44                      0.95241398
                   10.46                      0.95143196
                   10.48                      0.95040558
                    10.5                      0.94933194
                   10.52                      0.94820789
                   10.54                      0.94703004
                   10.56                      0.94579472
                   10.58                      0.94449797
                    10.6                      0.94313549
                   10.62                      0.94170266
                   10.64                      0.94019446
                   10.66                      0.93860546
                   10.68                      0.93692981
                    10.7                      0.93516115
                   10.72                      0.93329265
                   10.74                      0.93131692
                   10.76                        0.929226
                   10.78                      0.92701133
                    10.8                      0.92466372
                   10.82                      0.92217336
                   10.84                      0.91952975
                   10.86                       0.9167218
                   10.88                      0.91373779
                    10.9                      0.91056547
                   10.92                      0.90719218
                   10.94                      0.90360496
                   10.96                      0.89979086
                   10.98                      0.89573719
                      11                      0.89143201
                   11.02                       0.8868647
                   11.04                      0.88202672
                   11.06                      0.87691261
                   11.08                      0.87152118
                    11.1                      0.86585704
                   11.12                      0.85993235
                   11.14                      0.85376894
                   11.16                       0.8474006
                   11.18                      0.84087551
                    11.2                      0.83425866
                   11.22                      0.82763387
                   11.24                      0.82110511
                   11.26                      0.81479653
                   11.28                      0.80885075
                    11.3                       0.8034248
                   11.32                      0.79868338
                   11.34                      0.79478954
                   11.36                      0.79189325
                   11.38                      0.79011897
                    11.4                      0.78955399
                   11.42                      0.79023921
                   11.44                      0.79216419
                   11.46                      0.79526737
                   11.48                      0.79944157
                    11.5                      0.80454365
                   11.52                      0.81040688
                   11.54                      0.81685396
                   11.56                      0.82370891
                   11.58                      0.83080683
                    11.6                      0.83800065
                   11.62                      0.84516506
                   11.64                      0.85219793
                   11.66                      0.85901974
                   11.68                      0.86557178
                    11.7                      0.87181352
                   11.72                      0.87771967
                   11.74                      0.88327739
                   11.76                       0.8884835
                   11.78                      0.89334221
                    11.8                      0.89786309
                   11.82                      0.90205945
                   11.84                      0.90594702
                   11.86                      0.90954299
                   11.88                      0.91286519
                    11.9                      0.91593152
                   11.92                      0.91875961
                   11.94                      0.92136646
                   11.96                      0.92376829
                   11.98                      0.92598045
                      12                       0.9280173
                   12.02                      0.92989226
                   12.04                      0.93161776
                   12.06                      0.93320532
                   12.08                      0.93466554
                    12.1                      0.93600819
                   12.12                      0.93724224
                   12.14                      0.93837594
                   12.16                      0.93941683
                   12.18                      0.94037183
                    12.2                      0.94124729
                   12.22                      0.94204901
                   12.24                      0.94278231
                   12.26                      0.94345207
                   12.28                      0.94406276
                    12.3                      0.94461848
                   12.32                      0.94512298
                   12.34                      0.94557971
                   12.36                      0.94599184
                   12.38                      0.94636228
                    12.4                      0.94669371
                   12.42                      0.94698858
                   12.44                      0.94724917
                   12.46                      0.94747756
                   12.48                      0.94767568
                    12.5                      0.94784531
                   12.52                      0.94798808
                   12.54                       0.9481055
                   12.56                      0.94819899
                   12.58                      0.94826984
                    12.6                      0.94831924
                   12.62                       0.9483483
                   12.64                      0.94835807
                   12.66                      0.94834948
                   12.68                      0.94832344
                    12.7                      0.94828076
                   12.72                       0.9482222
                   12.74                      0.94814848
                   12.76                      0.94806027
                   12.78                      0.94795816
                    12.8                      0.94784275
                   12.82                      0.94771456
                   12.84                      0.94757408
                   12.86                      0.94742179
                   12.88                      0.94725811
                    12.9                      0.94708344
                   12.92                      0.94689817
                   12.94                      0.94670264
                   12.96                      0.94649717
                   12.98                      0.94628208
                      13                      0.94605765
                   13.02                      0.94582414
                   13.04                       0.9455818
                   13.06                      0.94533087
                   13.08                      0.94507155
                    13.1                      0.94480405
                   13.12                      0.94452855
                   13.14                      0.94424524
                   13.16                      0.94395426
                   13.18                      0.94365578
                    13.2                      0.94334994
                   13.22                      0.94303686
                   13.24                      0.94271666
                   13.26                      0.94238946
                   13.28                      0.94205537
                    13.3                      0.94171447
                   13.32                      0.94136686
                   13.34                      0.94101262
                   13.36                      0.94065182
                   13.38                      0.94028453
                    13.4                      0.93991081
                   13.42                      0.93953073
                   13.44                      0.93914432
                   13.46                      0.93875165
                   13.48                      0.93835274
                    13.5                      0.93794765
                   13.52                      0.93753638
                   13.54                      0.93711899
                   13.56                      0.93669549
                   13.58                      0.93626589
                    13.6                      0.93583023
                   13.62                       0.9353885
                   13.64                      0.93494073
                   13.66                       0.9344869
                   13.68                      0.93402704
                    13.7                      0.93356114
                   13.72                      0.93308919
                   13.74                      0.93261119
                   13.76                      0.93212713
                   13.78                        0.931637
                    13.8                      0.93114079
                   13.82                      0.93063848
                   13.84                      0.93013005
                   13.86                      0.92961548
                   13.88                      0.92909474
                    13.9                      0.92856783
                   13.92                      0.92803469
                   13.94                      0.92749531
                   13.96                      0.92694966
                   13.98                       0.9263977
                      14                      0.92583939
                   14.02                       0.9252747
                   14.04                      0.92470359
                   14.06                      0.92412602
                   14.08                      0.92354195
                    14.1                      0.92295132
                   14.12                       0.9223541
                   14.14                      0.92175024
                   14.16                      0.92113968
                   14.18                      0.92052238
                    14.2                      0.91989828
                   14.22                      0.91926732
                   14.24                      0.91862946
                   14.26                      0.91798463
                   14.28                      0.91733278
                    14.3                      0.91667384
                   14.32                      0.91600775
                   14.34                      0.91533444
                   14.36                      0.91465385
                   14.38                      0.91396592
                    14.4                      0.91327057
                   14.42                      0.91256774
                   14.44                      0.91185734
                   14.46                      0.91113932
                   14.48                      0.91041358
                    14.5                      0.90968006
                   14.52                      0.90893868
                   14.54                      0.90818936
                   14.56                      0.90743202
                   14.58                      0.90666657
                    14.6                      0.90589292
                   14.62                      0.90511101
                   14.64                      0.90432073
                   14.66                      0.90352199
                   14.68                      0.90271472
                    14.7                       0.9018988
                   14.72                      0.90107416
                   14.74                      0.90024069
                   14.76                       0.8993983
                   14.78                      0.89854689
                    14.8                      0.89768636
                   14.82                      0.89681661
                   14.84                      0.89593753
                   14.86                      0.89504901
                   14.88                      0.89415096
                    14.9                      0.89324326
                   14.92                       0.8923258
                   14.94                      0.89139847
                   14.96                      0.89046115
                   14.98                      0.88951373
                      15                       0.8885561
                   15.02                      0.88758812
                   15.04                      0.88660969
                   15.06                      0.88562068
                   15.08                      0.88462096
                    15.1                      0.88361041
                   15.12                      0.88258889
                   15.14                      0.88155629
                   15.16                      0.88051246
                   15.18                      0.87945727
                    15.2                      0.87839058
                   15.22                      0.87731226
                   15.24                      0.87622217
                   15.26                      0.87512016
                   15.28                      0.87400609
                    15.3                      0.87287981
                   15.32                      0.87174118
                   15.34                      0.87059004
                   15.36                      0.86942624
                   15.38                      0.86824963
                    15.4                      0.86706004
                   15.42                      0.86585733
                   15.44                      0.86464132
                   15.46                      0.86341186
                   15.48                      0.86216878
                    15.5                      0.86091191
                   15.52                      0.85964108
                   15.54                      0.85835612
                   15.56                      0.85705685
                   15.58                      0.85574309
                    15.6                      0.85441467
                   15.62                      0.85307139
                   15.64                      0.85171309
                   15.66                      0.85033957
                   15.68                      0.84895064
                    15.7                       0.8475461
                   15.72                      0.84612577
                   15.74                      0.84468944
                   15.76                      0.84323693
                   15.78                      0.84176801
                    15.8                       0.8402825
                   15.82                      0.83878017
                   15.84                      0.83726083
                   15.86                      0.83572425
                   15.88                      0.83417023
                    15.9                      0.83259854
                   15.92                      0.83100897
                   15.94                      0.82940128
                   15.96                      0.82777526
                   15.98                      0.82613067
                      16                      0.82446728
                   16.02                      0.82278486
                   16.04                      0.82108317
                   16.06                      0.81936197
                   16.08                      0.81762101
                    16.1                      0.81586005
                   16.12                      0.81407885
                   16.14                      0.81227714
                   16.16                      0.81045467
                   16.18                      0.80861119
                    16.2                      0.80674644
                   16.22                      0.80486015
                   16.24                      0.80295205
                   16.26                      0.80102188
                   16.28                      0.79906937
                    16.3                      0.79709423
                   16.32                       0.7950962
                   16.34                      0.79307499
                   16.36                      0.79103032
                   16.38                       0.7889619
                    16.4                      0.78686944
                   16.42                      0.78475265
                   16.44                      0.78261124
                   16.46                       0.7804449
                   16.48                      0.77825334
                    16.5                      0.77603625
                   16.52                      0.77379333
                   16.54                      0.77152427
                   16.56                      0.76922876
                   16.58                      0.76690648
                    16.6                      0.76455712
                   16.62                      0.76218035
                   16.64                      0.75977586
                   16.66                      0.75734333
                   16.68                      0.75488241
                    16.7                       0.7523928
                   16.72                      0.74987415
                   16.74                      0.74732613
                   16.76                       0.7447484
                   16.78                      0.74214064
                    16.8                      0.73950249
                   16.82                      0.73683362
                   16.84                      0.73413369
                   16.86                      0.73140234
                   16.88                      0.72863923
                    16.9                      0.72584401
                   16.92                      0.72301634
                   16.94                      0.72015585
                   16.96                      0.71726221
                   16.98                      0.71433505
                      17                      0.71137401
                   17.02                      0.70837876
                   17.04                      0.70534892
                   17.06                      0.70228414
                   17.08                      0.69918406
                    17.1                      0.69604833
                   17.12                      0.69287659
                   17.14                      0.68966848
                   17.16                      0.68642365
                   17.18                      0.68314173
                    17.2                      0.67982237
                   17.22                      0.67646522
                   17.24                      0.67306992
                   17.26                      0.66963611
                   17.28                      0.66616346
                    17.3                       0.6626516
                   17.32                       0.6591002
                   17.34                       0.6555089
                   17.36                      0.65187736
                   17.38                      0.64820525
                    17.4                      0.64449222
                   17.42                      0.64073794
                   17.44                      0.63694209
                   17.46                      0.63310433
                   17.48                      0.62922436
                    17.5                      0.62530184
                   17.52                      0.62133646
                   17.54                      0.61732793
                   17.56                      0.61327594
                   17.58                      0.60918019
                    17.6                       0.6050404
                   17.62                      0.60085629
                   17.64                      0.59662758
                   17.66                        0.592354
                   17.68                      0.58803529
                    17.7                      0.58367121
                   17.72                      0.57926151
                   17.74                      0.57480597
                   17.76                      0.57030435
                   17.78                      0.56575644
                    17.8                      0.56116205
                   17.82                      0.55652098
                   17.84                      0.55183306
                   17.86                       0.5470981
                   17.88                      0.54231598
                    17.9                      0.53748652
                   17.92                      0.53260963
                   17.94                      0.52768516
                   17.96                      0.52271304
                   17.98                      0.51769317
                      18                      0.51262548
                   18.02                      0.50750993
                   18.04                      0.50234647
                   18.06                       0.4971351
                   18.08                      0.49187579
                    18.1                      0.48656859
                   18.12                      0.48121351
                   18.14                      0.47581063
                   18.16                      0.47036001
                   18.18                      0.46486175
                    18.2                      0.45931597
                   18.22                      0.45372281
                   18.24                      0.44808243
                   18.26                      0.44239502
                   18.28                      0.43666079
                    18.3                      0.43087998
                   18.32                      0.42505283
                   18.34                      0.41917965
                   18.36                      0.41326073
                   18.38                      0.40729641
                    18.4                      0.40128707
                   18.42                      0.39523309
                   18.44                      0.38913489
                   18.46                      0.38299294
                   18.48                      0.37680771
                    18.5                      0.37057973
                   18.52                      0.36430952
                   18.54                      0.35799769
                   18.56                      0.35164485
                   18.58                      0.34525163
                    18.6                      0.33881875
                   18.62                      0.33234691
                   18.64                      0.32583689
                   18.66                      0.31928949
                   18.68                      0.31270557
                    18.7                      0.30608602
                   18.72                      0.29943178
                   18.74                      0.29274384
                   18.76                      0.28602325
                   18.78                      0.27927112
                    18.8                      0.27248861
                   18.82                      0.26567694
                   18.84                      0.25883741
                   18.86                       0.2519714
                   18.88                      0.24508037
                    18.9                      0.23816587
                   18.92                      0.23122955
                   18.94                       0.2242732
                   18.96                       0.2172987
                   18.98                      0.21030812
                      19                      0.20330367
                   19.02                      0.19628778
                   19.04                      0.18926309
                   19.06                      0.18223253
                   19.08                      0.17519931
                    19.1                      0.16816708
                   19.12                      0.16113988
                   19.14                      0.15412237
                   19.16                      0.14711983
                   19.18                      0.14013842
                    19.2                      0.13318532
                   19.22                      0.12626904
                   19.24                      0.11939974
                   19.26                      0.11258972
                   19.28                      0.10585402
                    19.3                     0.099211291
                   19.32                     0.092684887
                   19.34                     0.086304407
                   19.36                     0.080107729
                   19.38                     0.074143707
                    19.4                     0.068475605
                   19.42                     0.063185183
                   19.44                      0.05837682
                   19.46                     0.054180064
                   19.48                     0.050747268
                    19.5                     0.048241437
                   19.52                     0.046810512
                   19.54                     0.046551765
                   19.56                     0.047481677
                   19.58                     0.049530047
                    19.6                     0.052562491
                   19.62                     0.056416396
                   19.64                      0.06093167
                   19.66                     0.065968043
                   19.68                     0.071410616
                    19.7                     0.077168679
                   19.72                     0.083171878
                   19.74                     0.089365944
                   19.76                     0.095708946
                   19.78                      0.10216828
                    19.8                      0.10871835
                   19.82                       0.1153389
                   19.84                      0.12201365
                   19.86                      0.12872944
                   19.88                      0.13547546
                    19.9                      0.14224276
                   19.92                      0.14902384
                   19.94                      0.15581236
                   19.96                      0.16260291
                   19.98                      0.16939079
                      20                      0.17617195
                   20.02                      0.18294283
                   20.04                      0.18970028
                   20.06                      0.19644149
                   20.08                      0.20316396
                    20.1                      0.20986544
                   20.12                      0.21654388
                   20.14                      0.22319743
                   20.16                      0.22982438
                   20.18                      0.23642319
                    20.2                      0.24299241
                   20.22                      0.24953074
                   20.24                      0.25603695
                   20.26                      0.26250991
                   20.28                      0.26894858
                    20.3                      0.27535196
                   20.32                      0.28171915
                   20.34                      0.28804932
                   20.36                      0.29434166
                   20.38                      0.30059545
                    20.4                         0.30681
                   20.42                      0.31298466
                   20.44                      0.31911886
                   20.46                      0.32521203
                   20.48                      0.33126368
                    20.5                      0.33727331
                   20.52                      0.34324049
                   20.54                      0.34916483
                   20.56                      0.35504595
                   20.58                       0.3608835
                    20.6                      0.36667719
                   20.62                      0.37242672
                   20.64                      0.37813185
                   20.66                      0.38379235
                   20.68                      0.38940802
                    20.7                      0.39497868
                   20.72                      0.40050419
                   20.74                       0.4059844
                   20.76                      0.41141921
                   20.78                      0.41680854
                    20.8                      0.42215233
                   20.82                      0.42745052
                   20.84                      0.43270309
                   20.86                      0.43791003
                   20.88                      0.44307135
                    20.9                      0.44818707
                   20.92                      0.45325725
                   20.94                      0.45828193
                   20.96                       0.4632612
                   20.98                      0.46819514
                      21                      0.47308386
                   21.02                      0.47792746
                   21.04                      0.48272609
                   21.06                      0.48747988
                   21.08                      0.49218899
                    21.1                      0.49685357
                   21.12                      0.50147382
                   21.14                      0.50604991
                   21.16                      0.51058204
                   21.18                      0.51507043
                    21.2                      0.51951527
                   21.22                       0.5239168
                   21.24                      0.52827526
                   21.26                      0.53259087
                   21.28                       0.5368639
                    21.3                      0.54109459
                   21.32                       0.5452832
                   21.34                      0.54943001
                   21.36                      0.55353528
                   21.38                       0.5575993
                    21.4                      0.56162235
                   21.42                      0.56560473
                   21.44                      0.56954671
                   21.46                      0.57344861
                   21.48                      0.57731073
                    21.5                      0.58113337
                   21.52                      0.58491684
                   21.54                      0.58866146
                   21.56                      0.59236754
                   21.58                      0.59603539
                    21.6                      0.59966535
                   21.62                      0.60325772
                   21.64                      0.60681285
                   21.66                      0.61033104
                   21.68                      0.61381264
                    21.7                      0.61725797
                   21.72                      0.62066736
                   21.74                      0.62404114
                   21.76                      0.62737964
                   21.78                       0.6306832
                    21.8                      0.63395215
                   21.82                      0.63718681
                   21.84                      0.64038753
                   21.86                      0.64355464
                   21.88                      0.64668846
                    21.9                      0.64978933
                   21.92                      0.65285759
                   21.94                      0.65589355
                   21.96                      0.65889755
                   21.98                      0.66186993
                      22                        0.664811
                   22.02                       0.6677211
                   22.04                      0.67060054
                   22.06                      0.67344966
                   22.08                      0.67626878
                    22.1                      0.67905821
                   22.12                      0.68181828
                   22.14                       0.6845493
                   22.16                      0.68725159
                   22.18                      0.68992547
                    22.2                      0.69257124
                   22.22                      0.69518923
                   22.24                      0.69777973
                   22.26                      0.70034305
                   22.28                      0.70287949
                    22.3                      0.70538937
                   22.32                      0.70787298
                   22.34                      0.71033061
                   22.36                      0.71276256
                   22.38                      0.71516913
                    22.4                      0.71755061
                   22.42                      0.71990728
                   22.44                      0.72223943
                   22.46                      0.72454735
                   22.48                      0.72683131
                    22.5                       0.7290916
                   22.52                      0.73132849
                   22.54                      0.73354226
                   22.56                      0.73573318
                   22.58                      0.73790151
                    22.6                      0.74004752
                   22.62                      0.74217148
                   22.64                      0.74427365
                   22.66                      0.74635429
                   22.68                      0.74841365
                    22.7                      0.75045198
                   22.72                      0.75246955
                   22.74                       0.7544666
                   22.76                      0.75644337
                   22.78                      0.75840011
                    22.8                      0.76033706
                   22.82                      0.76225446
                   22.84                      0.76415255
                   22.86                      0.76603156
                   22.88                      0.76789172
                    22.9                      0.76973326
                   22.92                       0.7715564
                   22.94                      0.77336138
                   22.96                      0.77514841
                   22.98                      0.77691772
                      23                      0.77866951
                   23.02                      0.78040401
                   23.04                      0.78212143
                   23.06                      0.78382198
                   23.08                      0.78550586
                    23.1                      0.78717328
                   23.12                      0.78882444
                   23.14                      0.79045955
                   23.16                      0.79207881
                   23.18                       0.7936824
                    23.2                      0.79527053
                   23.22                      0.79684339
                   23.24                      0.79840116
                   23.26                      0.79994404
                   23.28                      0.80147221
                    23.3                      0.80298585
                   23.32                      0.80448515
                   23.34                      0.80597029
                   23.36                      0.80744144
                   23.38                      0.80889877
                    23.4                      0.81034247
                   23.42                      0.81177271
                   23.44                      0.81318965
                   23.46                      0.81459346
                   23.48                      0.81598431
                    23.5                      0.81736236
                   23.52                      0.81872778
                   23.54                      0.82008072
                   23.56                      0.82142135
                   23.58                      0.82274982
                    23.6                      0.82406628
                   23.62                       0.8253709
                   23.64                      0.82666382
                   23.66                      0.82794519
                   23.68                      0.82921516
                    23.7                      0.83047388
                   23.72                       0.8317215
                   23.74                      0.83295815
                   23.76                      0.83418399
                   23.78                      0.83539915
                    23.8                      0.83660376
                   23.82                      0.83779798
                   23.84                      0.83898194
                   23.86                      0.84015576
                   23.88                       0.8413196
                    23.9                      0.84247357
                   23.92                      0.84361781
                   23.94                      0.84475244
                   23.96                      0.84587761
                   23.98                      0.84699343
                      24                      0.84810004
                   24.02                      0.84919755
                   24.04                      0.85028609
                   24.06                      0.85136578
                   24.08                      0.85243676
                    24.1                      0.85349912
                   24.12                        0.854553
                   24.14                      0.85559852
                   24.16                      0.85663579
                   24.18                      0.85766493
                    24.2                      0.85868605
                   24.22                      0.85969926
                   24.24                       0.8607047
                   24.26                      0.86170245
                   24.28                      0.86269265
                    24.3                      0.86367539
                   24.32                      0.86465079
                   24.34                      0.86561896
                   24.36                      0.86658001
                   24.38                      0.86753405
                    24.4                      0.86848118
                   24.42                      0.86942151
                   24.44                      0.87035516
                   24.46                      0.87128221
                   24.48                      0.87220279
                    24.5                      0.87311699
                   24.52                      0.87402492
                   24.54                      0.87492668
                   24.56                      0.87582238
                   24.58                      0.87671212
                    24.6                        0.877596
                   24.62                      0.87847413
                   24.64                       0.8793466
                   24.66                      0.88021352
                   24.68                        0.881075
                    24.7                      0.88193113
                   24.72                      0.88278201
                   24.74                      0.88362775
                   24.76                      0.88446845
                   24.78                       0.8853042
                    24.8                      0.88613512
                   24.82                       0.8869613
                   24.84                      0.88778283
                   24.86                      0.88859984
                   24.88                       0.8894124
                    24.9                      0.89022064
                   24.92                      0.89102464
                   24.94                      0.89182452
                   24.96                      0.89262036
                   24.98                      0.89341229
                      25                      0.89420039
                   25.02                      0.89498477
                   25.04                      0.89576554
                   25.06                       0.8965428
                   25.08                      0.89731666
                    25.1                      0.89808721
                   25.12                      0.89885457
                   25.14                      0.89961884
                   25.16                      0.90038012
                   25.18                      0.90113852
                    25.2                      0.90189416
                   25.22                      0.90264713
                   25.24                      0.90339755
                   25.26                      0.90414551
                   25.28                      0.90489114
                    25.3                      0.90563453
                   25.32                      0.90637581
                   25.34                      0.90711506
                   25.36                      0.90785241
                   25.38                      0.90858796
                    25.4                      0.90932181
                   25.42                      0.91005408
                   25.44                      0.91078486
                   25.46                      0.91151426
                   25.48                      0.91224239
                    25.5                      0.91296933
                   25.52                      0.91369519
                   25.54                      0.91442006
                   25.56                      0.91514401
                   25.58                      0.91586715
                    25.6                      0.91658953
                   25.62                      0.91731124
                   25.64                      0.91803232
                   25.66                      0.91875282
                   25.68                      0.91947278
                    25.7                      0.92019221
                   25.72                      0.92091112
                   25.74                      0.92162948
                   25.76                      0.92234726
                   25.78                      0.92306436
                    25.8                       0.9237807
                   25.82                       0.9244961
                   25.84                      0.92521038
                   25.86                      0.92592328
                   25.88                      0.92663448
                    25.9                      0.92734358
                   25.92                      0.92805009
                   25.94                      0.92875341
                   25.96                      0.92945281
                   25.98                      0.93014741
                      26                      0.93083615
                   26.02                      0.93151775
                   26.04                      0.93219068
                   26.06                      0.93285309
                   26.08                      0.93350279
                    26.1                      0.93413712
                   26.12                       0.9347529
                   26.14                      0.93534631
                   26.16                      0.93591274
                   26.18                      0.93644665
                    26.2                      0.93694131
                   26.22                      0.93738859
                   26.24                       0.9377786
                   26.26                      0.93809927
                   26.28                      0.93833585
                    26.3                      0.93847018
                   26.32                      0.93847989
                   26.34                      0.93833723
                   26.36                      0.93800766
                   26.38                      0.93744792
                    26.4                      0.93660359
                   26.42                      0.93540581
                   26.44                      0.93376693
                   26.46                      0.93157479
                   26.48                      0.92868502
                    26.5                      0.92491085
                   26.52                      0.92000956
                   26.54                      0.91366474
                   26.56                      0.90546345
                   26.58                      0.89486817
                    26.6                      0.88118474
                   26.62                      0.86353226
                   26.64                      0.84082938
                   26.66                       0.8118295
                   26.68                       0.7752663
                    26.7                      0.73020885
                   26.72                       0.6767444
                   26.74                      0.61703019
                   26.76                      0.55644982
                   26.78                      0.50395919
                    26.8                      0.46998637
                   26.82                      0.46118754
                   26.84                      0.47597113
                   26.86                      0.50637662
                   26.88                      0.54375694
                    26.9                      0.58208224
                   26.92                      0.61812677
                   26.94                      0.65055554
                   26.96                      0.67907306
                   26.98                      0.70387909
                      27                      0.72536967
                   27.02                      0.74398781
                   27.04                      0.76015574
                   27.06                       0.7742486
                   27.08                      0.78658815
                    27.1                      0.79744534
                   27.12                      0.80704621
                   27.14                      0.81557864
                   27.16                      0.82319862
                   27.18                      0.83003592
                    27.2                      0.83619875
                   27.22                      0.84177767
                   27.24                      0.84684876
                   27.26                      0.85147621
                   27.28                       0.8557144
                    27.3                      0.85960963
                   27.32                      0.86320148
                   27.34                      0.86652391
                   27.36                      0.86960621
                   27.38                      0.87247372
                    27.4                      0.87514845
                   27.42                      0.87764962
                   27.44                      0.87999403
                   27.46                      0.88219645
                   27.48                       0.8842699
                    27.5                      0.88622587
                   27.52                      0.88807457
                   27.54                      0.88982508
                   27.56                       0.8914855
                   27.58                      0.89306305
                    27.6                      0.89456424
                   27.62                      0.89599491
                   27.64                      0.89736031
                   27.66                      0.89866519
                   27.68                      0.89991386
                    27.7                      0.90111023
                   27.72                      0.90225783
                   27.74                      0.90335991
                   27.76                      0.90441941
                   27.78                      0.90543902
                    27.8                      0.90642123
                   27.82                      0.90736829
                   27.84                      0.90828229
                   27.86                      0.90916514
                   27.88                      0.91001861
                    27.9                      0.91084435
                   27.92                      0.91164384
                   27.94                       0.9124185
                   27.96                      0.91316961
                   27.98                      0.91389838
                      28                      0.91460592
                   28.02                      0.91529329
                   28.04                      0.91596143
                   28.06                      0.91661127
                   28.08                      0.91724363
                    28.1                      0.91785932
                   28.12                      0.91845906
                   28.14                      0.91904355
                   28.16                      0.91961344
                   28.18                      0.92016934
                    28.2                       0.9207118
                   28.22                      0.92124138
                   28.24                      0.92175858
                   28.26                      0.92226386
                   28.28                      0.92275768
                    28.3                      0.92324046
                   28.32                       0.9237126
                   28.34                      0.92417446
                   28.36                      0.92462642
                   28.38                      0.92506879
                    28.4                       0.9255019
                   28.42                      0.92592605
                   28.44                      0.92634152
                   28.46                      0.92674858
                   28.48                      0.92714748
                    28.5                      0.92753846
                   28.52                      0.92792175
                   28.54                      0.92829757
                   28.56                      0.92866612
                   28.58                      0.92902759
                    28.6                      0.92938218
                   28.62                      0.92973005
                   28.64                      0.93007136
                   28.66                      0.93040628
                   28.68                      0.93073496
                    28.7                      0.93105753
                   28.72                      0.93137412
                   28.74                      0.93168487
                   28.76                      0.93198988
                   28.78                      0.93228928
                    28.8                      0.93258317
                   28.82                      0.93287165
                   28.84                      0.93315481
                   28.86                      0.93343273
                   28.88                      0.93370551
                    28.9                      0.93397323
                   28.92                      0.93423594
                   28.94                      0.93449372
                   28.96                      0.93474663
                   28.98                      0.93499473
                      29                      0.93523807
                   29.02                       0.9354767
                   29.04                      0.93571066
                   29.06                         0.93594
                   29.08                      0.93616473
                    29.1                      0.93638491
                   29.12                      0.93660054
                   29.14                      0.93681166
                   29.16                      0.93701827
                   29.18                       0.9372204
                    29.2                      0.93741805
                   29.22                      0.93761123
                   29.24                      0.93779993
                   29.26                      0.93798415
                   29.28                      0.93816389
                    29.3                      0.93833912
                   29.32                      0.93850983
                   29.34                        0.938676
                   29.36                       0.9388376
                   29.38                       0.9389946
                    29.4                      0.93914696
                   29.42                      0.93929465
                   29.44                       0.9394376
                   29.46                      0.93957577
                   29.48                      0.93970911
                    29.5                      0.93983755
                   29.52                      0.93996102
                   29.54                      0.94007944
                   29.56                      0.94019273
                   29.58                      0.94030081
                    29.6                      0.94040359
                   29.62                      0.94050095
                   29.64                      0.94059279
                   29.66                      0.94067901
                   29.68                      0.94075946
                    29.7                      0.94083402
                   29.72                      0.94090256
                   29.74                      0.94096492
                   29.76                      0.94102094
                   29.78                      0.94107045
                    29.8                      0.94111328
                   29.82                      0.94114924
                   29.84                      0.94117813
                   29.86                      0.94119973
                   29.88                      0.94121383
                    29.9                      0.94122018
                   29.92                      0.94121853
                   29.94                      0.94120863
                   29.96                      0.94119018
                   29.98                       0.9411629
                      30                      0.94112646

