        Frequency / GHz                SZmin(1),Zmax(1)/arg,degrees
----------------------------------------------------------------------
                      10                       63.915209
                   10.02                        63.69574
                   10.04                       63.471267
                   10.06                       63.241594
                   10.08                       63.006512
                    10.1                       62.765802
                   10.12                       62.519233
                   10.14                       62.266561
                   10.16                       62.007529
                   10.18                       61.741865
                    10.2                       61.469281
                   10.22                       61.189474
                   10.24                       60.902122
                   10.26                       60.606885
                   10.28                       60.303402
                    10.3                       59.991291
                   10.32                       59.670145
                   10.34                       59.339533
                   10.36                       58.998998
                   10.38                       58.648052
                    10.4                       58.286178
                   10.42                       57.912823
                   10.44                       57.527401
                   10.46                       57.129284
                   10.48                       56.717804
                    10.5                       56.292247
                   10.52                        55.85185
                   10.54                         55.3958
                   10.56                       54.923223
                   10.58                       54.433187
                    10.6                       53.924692
                   10.62                       53.396667
                   10.64                       52.847965
                   10.66                       52.277354
                   10.68                       51.683514
                    10.7                       51.065027
                   10.72                       50.420372
                   10.74                       49.747917
                   10.76                       49.045908
                   10.78                       48.312466
                    10.8                       47.545574
                   10.82                       46.743072
                   10.84                       45.902644
                   10.86                       45.021819
                   10.88                       44.097956
                    10.9                       43.128245
                   10.92                       42.109702
                   10.94                       41.039173
                   10.96                       39.913339
                   10.98                       38.728727
                      11                       37.481736
                   11.02                       36.168665
                   11.04                       34.785761
                   11.06                       33.329288
                   11.08                        31.79561
                    11.1                        30.18131
                   11.12                       28.483341
                   11.14                       26.699215
                   11.16                       24.827243
                   11.18                       22.866826
                    11.2                       20.818809
                   11.22                       18.685901
                   11.24                       16.473164
                   11.26                        14.18858
                   11.28                       11.843708
                    11.3                       9.4544363
                   11.32                       7.0418885
                   11.34                       4.6335444
                   11.36                       2.2647515
                   11.38                    -0.019081343
                    11.4                      -2.1590429
                   11.42                      -4.0769816
                   11.44                      -5.6654578
                   11.46                      -6.7693711
                   11.48                      -7.1508504
                    11.5                      -6.4189158
                   11.52                      -3.8824695
                   11.54                       1.7566524
                   11.56                       12.908445
                   11.58                       32.648061
                    11.6                       58.532993
                   11.62                       79.667452
                   11.64                       92.213855
                   11.66                       99.046013
                   11.68                       102.73359
                    11.7                       104.67412
                   11.72                       105.59753
                   11.74                       105.90229
                   11.76                       105.81829
                   11.78                       105.48493
                    11.8                       104.99026
                   11.82                       104.39178
                   11.84                         103.728
                   11.86                        103.0252
                   11.88                        102.3016
                    11.9                       101.56991
                   11.92                       100.83903
                   11.94                       100.11521
                   11.96                       99.402762
                   11.98                       98.704644
                      12                       98.022807
                   12.02                       97.358476
                   12.04                       96.712343
                   12.06                       96.084707
                   12.08                       95.475584
                    12.1                       94.884784
                   12.12                       94.311969
                   12.14                       93.756696
                   12.16                       93.218452
                   12.18                       92.696678
                    12.2                       92.190787
                   12.22                       91.700179
                   12.24                       91.224249
                   12.26                       90.762399
                   12.28                       90.314038
                    12.3                       89.878593
                   12.32                       89.455505
                   12.34                       89.044235
                   12.36                       88.644262
                   12.38                        88.25509
                    12.4                       87.876239
                   12.42                       87.507252
                   12.44                       87.147694
                   12.46                       86.797146
                   12.48                       86.455213
                    12.5                       86.121515
                   12.52                       85.795692
                   12.54                       85.477402
                   12.56                       85.166317
                   12.58                       84.862126
                    12.6                       84.564535
                   12.62                       84.273261
                   12.64                       83.988036
                   12.66                       83.708606
                   12.68                       83.434728
                    12.7                       83.166169
                   12.72                       82.902711
                   12.74                       82.644143
                   12.76                       82.390265
                   12.78                       82.140887
                    12.8                       81.895825
                   12.82                       81.654908
                   12.84                       81.417968
                   12.86                       81.184848
                   12.88                       80.955396
                    12.9                       80.729469
                   12.92                       80.506927
                   12.94                        80.28764
                   12.96                        80.07148
                   12.98                       79.858326
                      13                       79.648063
                   13.02                        79.44058
                   13.04                        79.23577
                   13.06                       79.033531
                   13.08                       78.833766
                    13.1                        78.63638
                   13.12                       78.441283
                   13.14                        78.24839
                   13.16                       78.057616
                   13.18                       77.868881
                    13.2                       77.682109
                   13.22                       77.497226
                   13.24                       77.314161
                   13.26                       77.132844
                   13.28                        76.95321
                    13.3                       76.775195
                   13.32                       76.598738
                   13.34                       76.423779
                   13.36                       76.250262
                   13.38                       76.078132
                    13.4                       75.907334
                   13.42                       75.737818
                   13.44                       75.569534
                   13.46                       75.402433
                   13.48                        75.23647
                    13.5                       75.071599
                   13.52                       74.907777
                   13.54                       74.744961
                   13.56                       74.583111
                   13.58                       74.422187
                    13.6                       74.262151
                   13.62                       74.102965
                   13.64                       73.944593
                   13.66                       73.787001
                   13.68                       73.630153
                    13.7                       73.474017
                   13.72                       73.318561
                   13.74                       73.163753
                   13.76                       73.009563
                   13.78                       72.855961
                    13.8                       72.702919
                   13.82                       72.550408
                   13.84                       72.398401
                   13.86                       72.246871
                   13.88                       72.095793
                    13.9                        71.94514
                   13.92                       71.794888
                   13.94                       71.645013
                   13.96                       71.495491
                   13.98                       71.346299
                      14                       71.197415
                   14.02                       71.048817
                   14.04                       70.900482
                   14.06                       70.752391
                   14.08                       70.604521
                    14.1                       70.456853
                   14.12                       70.309367
                   14.14                       70.162044
                   14.16                       70.014865
                   14.18                        69.86781
                    14.2                       69.720861
                   14.22                       69.574001
                   14.24                       69.427212
                   14.26                       69.280476
                   14.28                       69.133776
                    14.3                       68.987095
                   14.32                       68.840417
                   14.34                       68.693726
                   14.36                       68.547005
                   14.38                       68.400239
                    14.4                       68.253413
                   14.42                       68.106509
                   14.44                       67.959515
                   14.46                       67.812415
                   14.48                       67.665193
                    14.5                       67.517836
                   14.52                       67.370329
                   14.54                       67.222659
                   14.56                        67.07481
                   14.58                       66.926769
                    14.6                       66.778523
                   14.62                       66.630058
                   14.64                        66.48136
                   14.66                       66.332416
                   14.68                       66.183214
                    14.7                       66.033739
                   14.72                        65.88398
                   14.74                       65.733922
                   14.76                       65.583555
                   14.78                       65.432864
                    14.8                       65.281838
                   14.82                       65.130464
                   14.84                        64.97873
                   14.86                       64.826623
                   14.88                       64.674131
                    14.9                       64.521242
                   14.92                       64.367945
                   14.94                       64.214227
                   14.96                       64.060076
                   14.98                        63.90548
                      15                       63.750428
                   15.02                       63.594908
                   15.04                       63.438908
                   15.06                       63.282416
                   15.08                       63.125421
                    15.1                       62.967911
                   15.12                       62.809875
                   15.14                       62.651301
                   15.16                       62.492178
                   15.18                       62.332494
                    15.2                       62.172237
                   15.22                       62.011397
                   15.24                       61.849961
                   15.26                       61.687919
                   15.28                       61.525259
                    15.3                       61.361969
                   15.32                       61.198039
                   15.34                       61.033456
                   15.36                        60.86821
                   15.38                       60.702289
                    15.4                       60.535681
                   15.42                       60.368376
                   15.44                       60.200362
                   15.46                       60.031627
                   15.48                        59.86216
                    15.5                        59.69195
                   15.52                       59.520985
                   15.54                       59.349254
                   15.56                       59.176745
                   15.58                       59.003447
                    15.6                       58.829348
                   15.62                       58.654437
                   15.64                       58.478703
                   15.66                       58.302132
                   15.68                       58.124715
                    15.7                        57.94644
                   15.72                       57.767294
                   15.74                       57.587267
                   15.76                       57.406345
                   15.78                       57.224519
                    15.8                       57.041775
                   15.82                       56.858103
                   15.84                        56.67349
                   15.86                       56.487924
                   15.88                       56.301394
                    15.9                       56.113887
                   15.92                       55.925392
                   15.94                       55.735897
                   15.96                        55.54539
                   15.98                       55.353858
                      16                       55.161289
                   16.02                       54.967672
                   16.04                       54.772994
                   16.06                       54.577243
                   16.08                       54.380407
                    16.1                       54.182473
                   16.12                       53.983429
                   16.14                       53.783263
                   16.16                       53.581962
                   16.18                       53.379514
                    16.2                       53.175907
                   16.22                       52.971127
                   16.24                       52.765163
                   16.26                       52.558002
                   16.28                       52.349632
                    16.3                       52.140039
                   16.32                       51.929211
                   16.34                       51.717135
                   16.36                       51.503799
                   16.38                        51.28919
                    16.4                       51.073296
                   16.42                       50.856102
                   16.44                       50.637598
                   16.46                       50.417769
                   16.48                       50.196603
                    16.5                       49.974087
                   16.52                       49.750208
                   16.54                       49.524954
                   16.56                       49.298312
                   16.58                       49.070268
                    16.6                       48.840809
                   16.62                       48.609924
                   16.64                       48.377598
                   16.66                        48.14382
                   16.68                       47.908575
                    16.7                       47.671852
                   16.72                       47.433638
                   16.74                       47.193919
                   16.76                       46.952682
                   16.78                       46.709916
                    16.8                       46.465607
                   16.82                       46.219743
                   16.84                        45.97231
                   16.86                       45.723297
                   16.88                        45.47269
                    16.9                       45.220477
                   16.92                       44.966646
                   16.94                       44.711184
                   16.96                       44.454079
                   16.98                       44.195318
                      17                        43.93489
                   17.02                       43.672781
                   17.04                       43.408981
                   17.06                       43.143477
                   17.08                       42.876258
                    17.1                       42.607311
                   17.12                       42.336625
                   17.14                       42.064189
                   17.16                       41.789991
                   17.18                       41.514021
                    17.2                       41.236266
                   17.22                       40.956717
                   17.24                       40.675362
                   17.26                        40.39219
                   17.28                       40.107193
                    17.3                       39.820358
                   17.32                       39.531677
                   17.34                        39.24114
                   17.36                       38.948736
                   17.38                       38.654457
                    17.4                       38.358294
                   17.42                       38.060237
                   17.44                       37.760279
                   17.46                        37.45841
                   17.48                       37.154623
                    17.5                        36.84891
                   17.52                       36.541264
                   17.54                       36.231677
                   17.56                       35.920142
                   17.58                       35.606654
                    17.6                       35.291206
                   17.62                       34.973791
                   17.64                       34.654406
                   17.66                       34.333044
                   17.68                       34.009701
                    17.7                       33.684373
                   17.72                       33.357057
                   17.74                       33.027747
                   17.76                       32.696443
                   17.78                       32.363141
                    17.8                       32.027839
                   17.82                       31.690536
                   17.84                        31.35123
                   17.86                       31.009922
                   17.88                       30.666611
                    17.9                       30.321297
                   17.92                       29.973982
                   17.94                       29.624668
                   17.96                       29.273356
                   17.98                        28.92005
                      18                       28.564753
                   18.02                       28.207469
                   18.04                       27.848202
                   18.06                       27.486958
                   18.08                       27.123743
                    18.1                       26.758563
                   18.12                       26.391425
                   18.14                       26.022338
                   18.16                        25.65131
                   18.18                       25.278351
                    18.2                        24.90347
                   18.22                       24.526679
                   18.24                       24.147989
                   18.26                       23.767411
                   18.28                        23.38496
                    18.3                       23.000648
                   18.32                       22.614491
                   18.34                       22.226504
                   18.36                       21.836702
                   18.38                       21.445104
                    18.4                       21.051725
                   18.42                       20.656586
                   18.44                       20.259704
                   18.46                       19.861102
                   18.48                       19.460798
                    18.5                       19.058815
                   18.52                       18.655176
                   18.54                       18.249903
                   18.56                       17.843022
                   18.58                       17.434556
                    18.6                       17.024532
                   18.62                       16.612977
                   18.64                       16.199917
                   18.66                       15.785382
                   18.68                       15.369399
                    18.7                       14.951999
                   18.72                       14.533213
                   18.74                       14.113071
                   18.76                       13.691606
                   18.78                       13.268852
                    18.8                        12.84484
                   18.82                       12.419606
                   18.84                       11.993185
                   18.86                       11.565613
                   18.88                       11.136926
                    18.9                       10.707161
                   18.92                       10.276356
                   18.94                       9.8445494
                   18.96                       9.4117806
                   18.98                       8.9780891
                      19                       8.5435152
                   19.02                       8.1080996
                   19.04                       7.6718837
                   19.06                       7.2349095
                   19.08                       6.7972193
                    19.1                       6.3588559
                   19.12                       5.9198627
                   19.14                       5.4802833
                   19.16                       5.0401618
                   19.18                       4.5995427
                    19.2                       4.1584709
                   19.22                       3.7169913
                   19.24                       3.2751494
                   19.26                       2.8329909
                   19.28                       2.3905616
                    19.3                       1.9479075
                   19.32                       1.5050748
                   19.34                         1.06211
                   19.36                      0.61905948
                   19.38                       0.1759697
                    19.4                     -0.26711277
                   19.42                     -0.71014135
                   19.44                      -1.1530695
                   19.46                      -1.5958508
                   19.48                      -2.0384387
                    19.5                      -2.4807871
                   19.52                      -2.9228498
                   19.54                      -3.3645808
                   19.56                      -3.8059344
                   19.58                      -4.2468651
                    19.6                      -4.6873276
                   19.62                       -5.127277
                   19.64                      -5.5666686
                   19.66                      -6.0054582
                   19.68                      -6.4436018
                    19.7                      -6.8810561
                   19.72                      -7.3177778
                   19.74                      -7.7537245
                   19.76                       -8.188854
                   19.78                      -8.6231246
                    19.8                      -9.0564953
                   19.82                      -9.4889256
                   19.84                      -9.9203754
                   19.86                      -10.350805
                   19.88                      -10.780177
                    19.9                      -11.208452
                   19.92                      -11.635592
                   19.94                      -12.061562
                   19.96                      -12.486324
                   19.98                      -12.909844
                      20                      -13.332087
                   20.02                      -13.753018
                   20.04                      -14.172605
                   20.06                      -14.590815
                   20.08                      -15.007616
                    20.1                      -15.422977
                   20.12                      -15.836869
                   20.14                       -16.24926
                   20.16                      -16.660124
                   20.18                      -17.069432
                    20.2                      -17.477157
                   20.22                      -17.883273
                   20.24                      -18.287755
                   20.26                      -18.690577
                   20.28                      -19.091716
                    20.3                       -19.49115
                   20.32                      -19.888855
                   20.34                      -20.284811
                   20.36                      -20.678997
                   20.38                      -21.071393
                    20.4                      -21.461981
                   20.42                      -21.850742
                   20.44                      -22.237658
                   20.46                      -22.622714
                   20.48                      -23.005893
                    20.5                      -23.387181
                   20.52                      -23.766563
                   20.54                      -24.144026
                   20.56                      -24.519557
                   20.58                      -24.893144
                    20.6                      -25.264776
                   20.62                      -25.634443
                   20.64                      -26.002134
                   20.66                       -26.36784
                   20.68                      -26.731553
                    20.7                      -27.093266
                   20.72                      -27.452971
                   20.74                      -27.810662
                   20.76                      -28.166333
                   20.78                      -28.519979
                    20.8                      -28.871596
                   20.82                      -29.221179
                   20.84                      -29.568726
                   20.86                      -29.914234
                   20.88                      -30.257701
                    20.9                      -30.599124
                   20.92                      -30.938504
                   20.94                       -31.27584
                   20.96                      -31.611131
                   20.98                      -31.944379
                      21                      -32.275584
                   21.02                      -32.604749
                   21.04                      -32.931874
                   21.06                      -33.256963
                   21.08                      -33.580018
                    21.1                      -33.901043
                   21.12                      -34.220042
                   21.14                      -34.537018
                   21.16                      -34.851977
                   21.18                      -35.164923
                    21.2                      -35.475862
                   21.22                        -35.7848
                   21.24                      -36.091741
                   21.26                      -36.396694
                   21.28                      -36.699664
                    21.3                      -37.000658
                   21.32                      -37.299684
                   21.34                       -37.59675
                   21.36                      -37.891862
                   21.38                       -38.18503
                    21.4                      -38.476262
                   21.42                      -38.765566
                   21.44                      -39.052952
                   21.46                      -39.338428
                   21.48                      -39.622003
                    21.5                      -39.903687
                   21.52                      -40.183491
                   21.54                      -40.461423
                   21.56                      -40.737494
                   21.58                      -41.011713
                    21.6                      -41.284093
                   21.62                      -41.554642
                   21.64                      -41.823372
                   21.66                      -42.090294
                   21.68                      -42.355418
                    21.7                      -42.618755
                   21.72                      -42.880318
                   21.74                      -43.140116
                   21.76                      -43.398162
                   21.78                      -43.654467
                    21.8                      -43.909042
                   21.82                        -44.1619
                   21.84                      -44.413051
                   21.86                      -44.662508
                   21.88                      -44.910283
                    21.9                      -45.156387
                   21.92                      -45.400833
                   21.94                      -45.643632
                   21.96                      -45.884796
                   21.98                      -46.124338
                      22                       -46.36227
                   22.02                      -46.598603
                   22.04                      -46.833351
                   22.06                      -47.066525
                   22.08                      -47.298137
                    22.1                      -47.528199
                   22.12                      -47.756725
                   22.14                      -47.983725
                   22.16                      -48.209212
                   22.18                      -48.433199
                    22.2                      -48.655697
                   22.22                      -48.876719
                   22.24                      -49.096277
                   22.26                      -49.314383
                   22.28                      -49.531049
                    22.3                      -49.746287
                   22.32                      -49.960109
                   22.34                      -50.172528
                   22.36                      -50.383555
                   22.38                      -50.593203
                    22.4                      -50.801482
                   22.42                      -51.008406
                   22.44                      -51.213986
                   22.46                      -51.418234
                   22.48                      -51.621161
                    22.5                       -51.82278
                   22.52                      -52.023102
                   22.54                      -52.222139
                   22.56                      -52.419903
                   22.58                      -52.616404
                    22.6                      -52.811654
                   22.62                      -53.005666
                   22.64                       -53.19845
                   22.66                      -53.390017
                   22.68                       -53.58038
                    22.7                      -53.769548
                   22.72                      -53.957534
                   22.74                      -54.144349
                   22.76                      -54.330003
                   22.78                      -54.514508
                    22.8                      -54.697874
                   22.82                      -54.880113
                   22.84                      -55.061235
                   22.86                      -55.241251
                   22.88                      -55.420172
                    22.9                      -55.598009
                   22.92                      -55.774772
                   22.94                      -55.950471
                   22.96                      -56.125118
                   22.98                      -56.298722
                      23                      -56.471295
                   23.02                      -56.642845
                   23.04                      -56.813384
                   23.06                      -56.982922
                   23.08                      -57.151469
                    23.1                      -57.319035
                   23.12                       -57.48563
                   23.14                      -57.651265
                   23.16                      -57.815948
                   23.18                      -57.979689
                    23.2                        -58.1425
                   23.22                      -58.304389
                   23.24                      -58.465366
                   23.26                       -58.62544
                   23.28                      -58.784623
                    23.3                      -58.942921
                   23.32                      -59.100347
                   23.34                      -59.256908
                   23.36                      -59.412614
                   23.38                      -59.567475
                    23.4                      -59.721499
                   23.42                      -59.874697
                   23.44                      -60.027077
                   23.46                      -60.178648
                   23.48                       -60.32942
                    23.5                      -60.479402
                   23.52                      -60.628602
                   23.54                       -60.77703
                   23.56                      -60.924694
                   23.58                      -61.071604
                    23.6                      -61.217768
                   23.62                      -61.363195
                   23.64                      -61.507895
                   23.66                      -61.651875
                   23.68                      -61.795144
                    23.7                      -61.937712
                   23.72                      -62.079586
                   23.74                      -62.220776
                   23.76                       -62.36129
                   23.78                      -62.501136
                    23.8                      -62.640324
                   23.82                      -62.778861
                   23.84                      -62.916757
                   23.86                       -63.05402
                   23.88                      -63.190658
                    23.9                      -63.326679
                   23.92                      -63.462093
                   23.94                      -63.596908
                   23.96                      -63.731131
                   23.98                      -63.864772
                      24                      -63.997839
                   24.02                       -64.13034
                   24.04                      -64.262284
                   24.06                      -64.393679
                   24.08                      -64.524534
                    24.1                      -64.654857
                   24.12                      -64.784656
                   24.14                       -64.91394
                   24.16                      -65.042718
                   24.18                      -65.170997
                    24.2                      -65.298786
                   24.22                      -65.426095
                   24.24                       -65.55293
                   24.26                      -65.679302
                   24.28                      -65.805218
                    24.3                      -65.930687
                   24.32                      -66.055717
                   24.34                      -66.180318
                   24.36                      -66.304498
                   24.38                      -66.428267
                    24.4                      -66.551631
                   24.42                      -66.674602
                   24.44                      -66.797187
                   24.46                      -66.919395
                   24.48                      -67.041236
                    24.5                      -67.162719
                   24.52                      -67.283853
                   24.54                      -67.404646
                   24.56                      -67.525109
                   24.58                      -67.645251
                    24.6                      -67.765082
                   24.62                       -67.88461
                   24.64                      -68.003846
                   24.66                        -68.1228
                   24.68                      -68.241481
                    24.7                        -68.3599
                   24.72                      -68.478066
                   24.74                      -68.595991
                   24.76                      -68.713683
                   24.78                      -68.831154
                    24.8                      -68.948415
                   24.82                      -69.065477
                   24.84                      -69.182349
                   24.86                      -69.299044
                   24.88                      -69.415573
                    24.9                      -69.531947
                   24.92                      -69.648178
                   24.94                      -69.764277
                   24.96                      -69.880258
                   24.98                      -69.996131
                      25                      -70.111909
                   25.02                      -70.227606
                   25.04                      -70.343233
                   25.06                      -70.458804
                   25.08                      -70.574331
                    25.1                       -70.68983
                   25.12                      -70.805312
                   25.14                      -70.920793
                   25.16                      -71.036285
                   25.18                      -71.151805
                    25.2                      -71.267365
                   25.22                      -71.382981
                   25.24                      -71.498668
                   25.26                      -71.614441
                   25.28                      -71.730316
                    25.3                      -71.846307
                   25.32                      -71.962432
                   25.34                      -72.078705
                   25.36                      -72.195142
                   25.38                       -72.31176
                    25.4                      -72.428574
                   25.42                      -72.545601
                   25.44                      -72.662857
                   25.46                      -72.780356
                   25.48                      -72.898115
                    25.5                      -73.016148
                   25.52                       -73.13447
                   25.54                      -73.253095
                   25.56                      -73.372036
                   25.58                      -73.491305
                    25.6                      -73.610912
                   25.62                      -73.730866
                   25.64                      -73.851175
                   25.66                      -73.971843
                   25.68                      -74.092871
                    25.7                      -74.214257
                   25.72                      -74.335997
                   25.74                      -74.458078
                   25.76                      -74.580484
                   25.78                       -74.70319
                    25.8                      -74.826163
                   25.82                      -74.949361
                   25.84                      -75.072727
                   25.86                      -75.196191
                   25.88                      -75.319666
                    25.9                      -75.443042
                   25.92                      -75.566183
                   25.94                      -75.688925
                   25.96                      -75.811065
                   25.98                      -75.932355
                      26                      -76.052492
                   26.02                      -76.171109
                   26.04                      -76.287754
                   26.06                      -76.401879
                   26.08                      -76.512811
                    26.1                      -76.619726
                   26.12                      -76.721613
                   26.14                      -76.817222
                   26.16                       -76.90501
                   26.18                      -76.983058
                    26.2                      -77.048973
                   26.22                      -77.099749
                   26.24                      -77.131593
                   26.26                      -77.139683
                   26.28                      -77.117848
                    26.3                      -77.058122
                   26.32                      -76.950135
                   26.34                       -76.78025
                   26.36                      -76.530344
                   26.38                      -76.176045
                    26.4                      -75.684167
                   26.42                      -75.008904
                   26.44                      -74.086147
                   26.46                      -72.824928
                   26.48                       -71.09464
                    26.5                      -68.706529
                   26.52                        -65.3895
                   26.54                      -60.767954
                   26.56                      -54.375589
                   26.58                      -45.801299
                    26.6                      -35.110923
                   26.62                      -23.406729
                   26.64                       -12.67496
                   26.66                      -4.5895182
                   26.68                      0.28038894
                    26.7                       2.1658434
                   26.72                       1.5657255
                   26.74                      -1.0018712
                   26.76                      -5.0424233
                   26.78                      -10.072693
                    26.8                      -15.627022
                   26.82                      -21.293151
                   26.84                      -26.753511
                   26.86                      -31.804741
                   26.88                      -36.348086
                    26.9                       -40.36203
                   26.92                      -43.872236
                   26.94                      -46.927702
                   26.96                      -49.585208
                   26.98                      -51.900619
                      27                      -53.924753
                   27.02                      -55.701924
                   27.04                      -57.269862
                   27.06                      -58.660277
                   27.08                      -59.899645
                    27.1                      -61.010014
                   27.12                      -62.009754
                   27.14                      -62.914193
                   27.16                      -63.736162
                   27.18                       -64.48644
                    27.2                      -65.174118
                   27.22                      -65.806896
                   27.24                      -66.391325
                   27.26                      -66.933002
                   27.28                       -67.43673
                    27.3                      -67.906647
                   27.32                      -68.346335
                   27.34                      -68.758905
                   27.36                      -69.147069
                   27.38                        -69.5132
                    27.4                      -69.859386
                   27.42                      -70.187463
                   27.44                      -70.499056
                   27.46                      -70.795608
                   27.48                      -71.078401
                    27.5                      -71.348579
                   27.52                      -71.607165
                   27.54                       -71.85508
                   27.56                      -72.093148
                   27.58                      -72.322114
                    27.6                      -72.542653
                   27.62                      -72.755374
                   27.64                      -72.960829
                   27.66                      -73.159524
                   27.68                      -73.351917
                    27.7                      -73.538428
                   27.72                      -73.719439
                   27.74                      -73.895303
                   27.76                      -74.066344
                   27.78                      -74.232857
                    27.8                      -74.395117
                   27.82                      -74.553377
                   27.84                      -74.707871
                   27.86                      -74.858814
                   27.88                      -75.006407
                    27.9                      -75.150836
                   27.92                      -75.292275
                   27.94                      -75.430884
                   27.96                      -75.566814
                   27.98                      -75.700205
                      28                      -75.831188
                   28.02                      -75.959886
                   28.04                      -76.086413
                   28.06                      -76.210877
                   28.08                       -76.33338
                    28.1                      -76.454017
                   28.12                      -76.572876
                   28.14                      -76.690043
                   28.16                      -76.805597
                   28.18                      -76.919613
                    28.2                      -77.032162
                   28.22                      -77.143312
                   28.24                      -77.253125
                   28.26                      -77.361663
                   28.28                      -77.468982
                    28.3                      -77.575138
                   28.32                      -77.680181
                   28.34                      -77.784162
                   28.36                      -77.887126
                   28.38                       -77.98912
                    28.4                      -78.090185
                   28.42                      -78.190363
                   28.44                      -78.289693
                   28.46                      -78.388212
                   28.48                      -78.485957
                    28.5                      -78.582961
                   28.52                      -78.679258
                   28.54                       -78.77488
                   28.56                      -78.869858
                   28.58                      -78.964222
                    28.6                      -79.057999
                   28.62                      -79.151218
                   28.64                      -79.243905
                   28.66                      -79.336087
                   28.68                      -79.427788
                    28.7                      -79.519033
                   28.72                      -79.609846
                   28.74                      -79.700249
                   28.76                      -79.790265
                   28.78                      -79.879916
                    28.8                      -79.969224
                   28.82                      -80.058209
                   28.84                      -80.146892
                   28.86                      -80.235293
                   28.88                      -80.323431
                    28.9                      -80.411327
                   28.92                         -80.499
                   28.94                      -80.586467
                   28.96                      -80.673748
                   28.98                      -80.760862
                      29                      -80.847826
                   29.02                      -80.934658
                   29.04                      -81.021377
                   29.06                         -81.108
                   29.08                      -81.194544
                    29.1                      -81.281029
                   29.12                       -81.36747
                   29.14                      -81.453886
                   29.16                      -81.540295
                   29.18                      -81.626714
                    29.2                       -81.71316
                   29.22                      -81.799652
                   29.24                      -81.886207
                   29.26                      -81.972844
                   29.28                      -82.059581
                    29.3                      -82.146435
                   29.32                      -82.233426
                   29.34                      -82.320571
                   29.36                      -82.407891
                   29.38                      -82.495404
                    29.4                       -82.58313
                   29.42                      -82.671089
                   29.44                        -82.7593
                   29.46                      -82.847784
                   29.48                      -82.936562
                    29.5                      -83.025656
                   29.52                      -83.115086
                   29.54                      -83.204875
                   29.56                      -83.295046
                   29.58                      -83.385622
                    29.6                      -83.476626
                   29.62                      -83.568083
                   29.64                      -83.660017
                   29.66                      -83.752453
                   29.68                      -83.845419
                    29.7                       -83.93894
                   29.72                      -84.033044
                   29.74                      -84.127759
                   29.76                      -84.223114
                   29.78                      -84.319139
                    29.8                      -84.415864
                   29.82                       -84.51332
                   29.84                      -84.611541
                   29.86                      -84.710559
                   29.88                      -84.810409
                    29.9                      -84.911126
                   29.92                      -85.012745
                   29.94                      -85.115305
                   29.96                      -85.218844
                   29.98                      -85.323402
                      30                      -85.429019

