        Frequency / GHz                SZmin(1),Zmax(1)/abs,dB
----------------------------------------------------------------------
                      10                      -13.540858
                   10.02                      -13.506433
                   10.04                      -13.471954
                   10.06                      -13.437423
                   10.08                      -13.402843
                    10.1                      -13.368216
                   10.12                      -13.333546
                   10.14                      -13.298837
                   10.16                      -13.264092
                   10.18                      -13.229317
                    10.2                      -13.194518
                   10.22                      -13.159702
                   10.24                      -13.124875
                   10.26                      -13.090047
                   10.28                      -13.055227
                    10.3                      -13.020425
                   10.32                      -12.985655
                   10.34                       -12.95093
                   10.36                      -12.916266
                   10.38                       -12.88168
                    10.4                      -12.847193
                   10.42                      -12.812826
                   10.44                      -12.778605
                   10.46                      -12.744559
                   10.48                      -12.710719
                    10.5                      -12.677122
                   10.52                      -12.643809
                   10.54                      -12.610824
                   10.56                       -12.57822
                   10.58                      -12.546055
                    10.6                      -12.514395
                   10.62                      -12.483314
                   10.64                      -12.452897
                   10.66                      -12.423238
                   10.68                      -12.394446
                    10.7                      -12.366642
                   10.72                      -12.339966
                   10.74                      -12.314573
                   10.76                      -12.290644
                   10.78                      -12.268382
                    10.8                      -12.248018
                   10.82                      -12.229818
                   10.84                      -12.214082
                   10.86                      -12.201156
                   10.88                      -12.191433
                    10.9                      -12.185365
                   10.92                      -12.183469
                   10.94                      -12.186337
                   10.96                      -12.194649
                   10.98                      -12.209185
                      11                       -12.23084
                   11.02                      -12.260642
                   11.04                      -12.299771
                   11.06                      -12.349581
                   11.08                      -12.411623
                    11.1                      -12.487674
                   11.12                      -12.579764
                   11.14                       -12.69021
                   11.16                      -12.821651
                   11.18                      -12.977077
                    11.2                      -13.159875
                   11.22                       -13.37386
                   11.24                      -13.623319
                   11.26                      -13.913057
                   11.28                       -14.24844
                    11.3                      -14.635466
                   11.32                      -15.080853
                   11.34                      -15.592162
                   11.36                      -16.178002
                   11.38                      -16.848329
                    11.4                      -17.614909
                   11.42                       -18.49202
                   11.44                       -19.49748
                   11.46                      -20.654117
                   11.48                      -21.991654
                    11.5                       -23.54838
                   11.52                        -25.3691
                   11.54                      -27.483308
                   11.56                      -29.797128
                   11.58                      -31.730112
                    11.6                      -32.026926
                   11.62                      -30.549895
                   11.64                       -28.54696
                   11.66                      -26.697099
                   11.68                       -25.12597
                    11.7                      -23.807285
                   11.72                      -22.693185
                   11.74                      -21.741754
                   11.76                      -20.920307
                   11.78                       -20.20393
                    11.8                      -19.573565
                   11.82                      -19.014464
                   11.84                      -18.515059
                   11.86                      -18.066147
                   11.88                      -17.660316
                    11.9                      -17.291528
                   11.92                       -16.95481
                   11.94                      -16.646028
                   11.96                       -16.36172
                   11.98                      -16.098961
                      12                      -15.855263
                   12.02                        -15.6285
                   12.04                      -15.416841
                   12.06                      -15.218702
                   12.08                      -15.032707
                    12.1                      -14.857655
                   12.12                      -14.692494
                   12.14                      -14.536297
                   12.16                      -14.388245
                   12.18                      -14.247614
                    12.2                       -14.11376
                   12.22                      -13.986107
                   12.24                      -13.864143
                   12.26                      -13.747406
                   12.28                      -13.635483
                    12.3                         -13.528
                   12.32                       -13.42462
                   12.34                       -13.32504
                   12.36                      -13.228981
                   12.38                      -13.136193
                    12.4                      -13.046446
                   12.42                      -12.959532
                   12.44                      -12.875259
                   12.46                      -12.793452
                   12.48                      -12.713952
                    12.5                      -12.636611
                   12.52                      -12.561292
                   12.54                      -12.487872
                   12.56                      -12.416234
                   12.58                      -12.346273
                    12.6                      -12.277889
                   12.62                       -12.21099
                   12.64                      -12.145493
                   12.66                      -12.081319
                   12.68                      -12.018393
                    12.7                      -11.956648
                   12.72                       -11.89602
                   12.74                       -11.83645
                   12.76                      -11.777883
                   12.78                      -11.720265
                    12.8                       -11.66355
                   12.82                       -11.60769
                   12.84                      -11.552645
                   12.86                      -11.498372
                   12.88                      -11.444836
                    12.9                         -11.392
                   12.92                      -11.339831
                   12.94                      -11.288297
                   12.96                       -11.23737
                   12.98                       -11.18702
                      13                      -11.137222
                   13.02                      -11.087951
                   13.04                      -11.039183
                   13.06                      -10.990895
                   13.08                      -10.943067
                    13.1                      -10.895679
                   13.12                       -10.84871
                   13.14                      -10.802145
                   13.16                      -10.755964
                   13.18                      -10.710152
                    13.2                      -10.664694
                   13.22                      -10.619574
                   13.24                      -10.574779
                   13.26                      -10.530296
                   13.28                      -10.486111
                    13.3                      -10.442212
                   13.32                      -10.398588
                   13.34                      -10.355227
                   13.36                       -10.31212
                   13.38                      -10.269255
                    13.4                      -10.226624
                   13.42                      -10.184217
                   13.44                      -10.142025
                   13.46                       -10.10004
                   13.48                      -10.058254
                    13.5                      -10.016658
                   13.52                      -9.9752455
                   13.54                      -9.9340092
                   13.56                      -9.8929422
                   13.58                      -9.8520379
                    13.6                      -9.8112899
                   13.62                      -9.7706921
                   13.64                      -9.7302387
                   13.66                       -9.689924
                   13.68                      -9.6497427
                    13.7                      -9.6096894
                   13.72                      -9.5697592
                   13.74                      -9.5299472
                   13.76                      -9.4902488
                   13.78                      -9.4506594
                    13.8                      -9.4111747
                   13.82                      -9.3717906
                   13.84                       -9.332503
                   13.86                      -9.2933079
                   13.88                      -9.2542018
                    13.9                      -9.2151808
                   13.92                      -9.1762415
                   13.94                      -9.1373805
                   13.96                      -9.0985945
                   13.98                      -9.0598804
                      14                      -9.0212351
                   14.02                      -8.9826555
                   14.04                       -8.944139
                   14.06                      -8.9056826
                   14.08                      -8.8672837
                    14.1                      -8.8289396
                   14.12                      -8.7906479
                   14.14                      -8.7524062
                   14.16                      -8.7142119
                   14.18                      -8.6760629
                    14.2                      -8.6379569
                   14.22                      -8.5998917
                   14.24                      -8.5618654
                   14.26                      -8.5238757
                   14.28                      -8.4859208
                    14.3                      -8.4479988
                   14.32                      -8.4101077
                   14.34                      -8.3722458
                   14.36                      -8.3344114
                   14.38                      -8.2966028
                    14.4                      -8.2588182
                   14.42                      -8.2210562
                   14.44                      -8.1833151
                   14.46                      -8.1455935
                   14.48                      -8.1078899
                    14.5                      -8.0702028
                   14.52                      -8.0325309
                   14.54                      -7.9948729
                   14.56                      -7.9572274
                   14.58                      -7.9195932
                    14.6                      -7.8819691
                   14.62                      -7.8443538
                   14.64                      -7.8067463
                   14.66                      -7.7691453
                   14.68                      -7.7315498
                    14.7                      -7.6939588
                   14.72                      -7.6563712
                   14.74                      -7.6187861
                   14.76                      -7.5812024
                   14.78                      -7.5436192
                    14.8                      -7.5060356
                   14.82                      -7.4684508
                   14.84                      -7.4308639
                   14.86                       -7.393274
                   14.88                      -7.3556804
                    14.9                      -7.3180823
                   14.92                      -7.2804789
                   14.94                      -7.2428696
                   14.96                      -7.2052536
                   14.98                      -7.1676302
                      15                      -7.1299989
                   15.02                       -7.092359
                   15.04                      -7.0547098
                   15.06                      -7.0170508
                   15.08                      -6.9793815
                    15.1                      -6.9417013
                   15.12                      -6.9040097
                   15.14                      -6.8663063
                   15.16                      -6.8285905
                   15.18                      -6.7908618
                    15.2                        -6.75312
                   15.22                      -6.7153645
                   15.24                      -6.6775951
                   15.26                      -6.6398112
                   15.28                      -6.6020127
                    15.3                      -6.5641991
                   15.32                      -6.5263702
                   15.34                      -6.4885256
                   15.36                      -6.4506653
                   15.38                      -6.4127888
                    15.4                       -6.374896
                   15.42                      -6.3369866
                   15.44                      -6.2990606
                   15.46                      -6.2611178
                   15.48                      -6.2231579
                    15.5                       -6.185181
                   15.52                      -6.1471869
                   15.54                      -6.1091755
                   15.56                      -6.0711468
                   15.58                      -6.0331008
                    15.6                      -5.9950374
                   15.62                      -5.9569567
                   15.64                      -5.9188587
                   15.66                      -5.8807434
                   15.68                      -5.8426109
                    15.7                      -5.8044614
                   15.72                      -5.7662949
                   15.74                      -5.7281116
                   15.76                      -5.6899116
                   15.78                      -5.6516952
                    15.8                      -5.6134624
                   15.82                      -5.5752137
                   15.84                      -5.5369492
                   15.86                      -5.4986691
                   15.88                      -5.4603739
                    15.9                      -5.4220638
                   15.92                      -5.3837392
                   15.94                      -5.3454004
                   15.96                      -5.3070479
                   15.98                       -5.268682
                      16                      -5.2303033
                   16.02                      -5.1919121
                   16.04                      -5.1535091
                   16.06                      -5.1150946
                   16.08                      -5.0766693
                    16.1                      -5.0382338
                   16.12                      -4.9997886
                   16.14                      -4.9613345
                   16.16                      -4.9228719
                   16.18                      -4.8844017
                    16.2                      -4.8459246
                   16.22                      -4.8074413
                   16.24                      -4.7689526
                   16.26                      -4.7304593
                   16.28                      -4.6919622
                    16.3                      -4.6534622
                   16.32                      -4.6149602
                   16.34                      -4.5764572
                   16.36                      -4.5379541
                   16.38                      -4.4994518
                    16.4                      -4.4609516
                   16.42                      -4.4224543
                   16.44                      -4.3839611
                   16.46                      -4.3454731
                   16.48                      -4.3069916
                    16.5                      -4.2685177
                   16.52                      -4.2300526
                   16.54                      -4.1915976
                   16.56                      -4.1531541
                   16.58                      -4.1147234
                    16.6                      -4.0763069
                   16.62                       -4.037906
                   16.64                      -3.9995222
                   16.66                      -3.9611569
                   16.68                      -3.9228118
                    16.7                      -3.8844885
                   16.72                      -3.8461885
                   16.74                      -3.8079135
                   16.76                      -3.7696653
                   16.78                      -3.7314457
                    16.8                      -3.6932563
                   16.82                      -3.6550991
                   16.84                       -3.616976
                   16.86                      -3.5788888
                   16.88                      -3.5408396
                    16.9                      -3.5028305
                   16.92                      -3.4648634
                   16.94                      -3.4269406
                   16.96                      -3.3890641
                   16.98                      -3.3512362
                      17                      -3.3134592
                   17.02                      -3.2757354
                   17.04                      -3.2380672
                   17.06                       -3.200457
                   17.08                      -3.1629071
                    17.1                      -3.1254203
                   17.12                       -3.087999
                   17.14                      -3.0506459
                   17.16                      -3.0133637
                   17.18                       -2.976155
                    17.2                      -2.9390227
                   17.22                      -2.9019697
                   17.24                      -2.8649987
                   17.26                      -2.8281127
                   17.28                      -2.7913149
                    17.3                      -2.7546081
                   17.32                      -2.7179956
                   17.34                      -2.6814804
                   17.36                      -2.6450659
                   17.38                      -2.6087553
                    17.4                      -2.5725518
                   17.42                      -2.5364591
                   17.44                      -2.5004803
                   17.46                      -2.4646192
                   17.48                      -2.4288792
                    17.5                      -2.3932639
                   17.52                      -2.3577771
                   17.54                      -2.3224224
                   17.56                      -2.2872036
                   17.58                      -2.2521246
                    17.6                      -2.2171892
                   17.62                      -2.1824015
                   17.64                      -2.1477653
                   17.66                      -2.1132848
                   17.68                      -2.0789641
                    17.7                      -2.0448073
                   17.72                      -2.0108187
                   17.74                      -1.9770025
                   17.76                       -1.943363
                   17.78                      -1.9099046
                    17.8                      -1.8766316
                   17.82                      -1.8435487
                   17.84                      -1.8106602
                   17.86                      -1.7779708
                   17.88                       -1.745485
                    17.9                      -1.7132074
                   17.92                      -1.6811429
                   17.94                       -1.649296
                   17.96                      -1.6176715
                   17.98                      -1.5862743
                      18                      -1.5551093
                   18.02                      -1.5241811
                   18.04                      -1.4934949
                   18.06                      -1.4630554
                   18.08                      -1.4328678
                    18.1                      -1.4029369
                   18.12                      -1.3732678
                   18.14                      -1.3438655
                   18.16                      -1.3147351
                   18.18                      -1.2858817
                    18.2                      -1.2573103
                   18.22                      -1.2290261
                   18.24                      -1.2010342
                   18.26                      -1.1733397
                   18.28                      -1.1459478
                    18.3                      -1.1188635
                   18.32                       -1.092092
                   18.34                      -1.0656384
                   18.36                      -1.0395079
                   18.38                      -1.0137055
                    18.4                     -0.98823641
                   18.42                      -0.9631056
                   18.44                     -0.93831817
                   18.46                     -0.91387916
                   18.48                     -0.88979357
                    18.5                     -0.86606637
                   18.52                     -0.84270252
                   18.54                     -0.81970691
                   18.56                      -0.7970844
                   18.58                     -0.77483982
                    18.6                     -0.75297794
                   18.62                     -0.73150346
                   18.64                     -0.71042105
                   18.66                     -0.68973531
                   18.68                     -0.66945077
                    18.7                      -0.6495719
                   18.72                      -0.6301031
                   18.74                     -0.61104869
                   18.76                      -0.5924129
                   18.78                      -0.5741999
                    18.8                     -0.55641376
                   18.82                     -0.53905845
                   18.84                     -0.52213787
                   18.86                     -0.50565579
                   18.88                     -0.48961592
                    18.9                     -0.47402182
                   18.92                     -0.45887698
                   18.94                     -0.44418474
                   18.96                     -0.42994837
                   18.98                     -0.41617098
                      19                     -0.40285559
                   19.02                     -0.39000507
                   19.04                     -0.37762217
                   19.06                     -0.36570952
                   19.08                     -0.35426961
                    19.1                     -0.34330479
                   19.12                     -0.33281727
                   19.14                     -0.32280914
                   19.16                     -0.31328231
                   19.18                     -0.30423859
                    19.2                     -0.29567959
                   19.22                     -0.28760683
                   19.24                     -0.28002163
                   19.26                     -0.27292518
                   19.28                     -0.26631853
                    19.3                     -0.26020254
                   19.32                     -0.25457795
                   19.34                     -0.24944532
                   19.36                     -0.24480506
                   19.38                     -0.24065744
                    19.4                     -0.23700254
                   19.42                     -0.23384032
                   19.44                     -0.23117054
                   19.46                     -0.22899283
                   19.48                     -0.22730667
                    19.5                     -0.22611136
                   19.52                     -0.22540606
                   19.54                     -0.22518977
                   19.56                     -0.22546133
                   19.58                     -0.22621945
                    19.6                     -0.22746267
                   19.62                     -0.22918937
                   19.64                     -0.23139781
                   19.66                     -0.23408609
                   19.68                     -0.23725216
                    19.7                     -0.24089384
                   19.72                      -0.2450088
                   19.74                      -0.2495946
                   19.76                     -0.25464862
                   19.78                     -0.26016814
                    19.8                     -0.26615031
                   19.82                     -0.27259215
                   19.84                     -0.27949055
                   19.86                     -0.28684228
                   19.88                     -0.29464402
                    19.9                     -0.30289229
                   19.92                     -0.31158354
                   19.94                      -0.3207141
                   19.96                      -0.3302802
                   19.98                     -0.34027796
                      20                     -0.35070341
                   20.02                      -0.3615525
                   20.04                     -0.37282108
                   20.06                      -0.3845049
                   20.08                     -0.39659967
                    20.1                     -0.40910098
                   20.12                     -0.42200438
                   20.14                     -0.43530533
                   20.16                     -0.44899924
                   20.18                     -0.46308143
                    20.2                      -0.4775472
                   20.22                     -0.49239177
                   20.24                     -0.50761032
                   20.26                     -0.52319798
                   20.28                     -0.53914983
                    20.3                     -0.55546093
                   20.32                     -0.57212629
                   20.34                     -0.58914089
                   20.36                     -0.60649968
                   20.38                     -0.62419759
                    20.4                     -0.64222953
                   20.42                     -0.66059037
                   20.44                     -0.67927501
                   20.46                      -0.6982783
                   20.48                     -0.71759509
                    20.5                     -0.73722023
                   20.52                     -0.75714857
                   20.54                     -0.77737495
                   20.56                     -0.79789422
                   20.58                     -0.81870125
                    20.6                      -0.8397909
                   20.62                     -0.86115804
                   20.64                     -0.88279757
                   20.66                      -0.9047044
                   20.68                     -0.92687346
                    20.7                     -0.94929969
                   20.72                     -0.97197808
                   20.74                     -0.99490361
                   20.76                      -1.0180713
                   20.78                      -1.0414763
                    20.8                      -1.0651136
                   20.82                      -1.0889783
                   20.84                      -1.1130657
                   20.86                      -1.1373709
                   20.88                      -1.1618891
                    20.9                      -1.1866157
                   20.92                      -1.2115459
                   20.94                      -1.2366751
                   20.96                      -1.2619987
                   20.98                      -1.2875122
                      21                       -1.313211
                   21.02                      -1.3390908
                   21.04                       -1.365147
                   21.06                      -1.3913754
                   21.08                      -1.4177717
                    21.1                      -1.4443315
                   21.12                      -1.4710507
                   21.14                      -1.4979252
                   21.16                      -1.5249508
                   21.18                      -1.5521235
                    21.2                      -1.5794393
                   21.22                      -1.6068943
                   21.24                      -1.6344845
                   21.26                      -1.6622063
                   21.28                      -1.6900557
                    21.3                      -1.7180292
                   21.32                       -1.746123
                   21.34                      -1.7743335
                   21.36                      -1.8026572
                   21.38                      -1.8310906
                    21.4                      -1.8596303
                   21.42                      -1.8882729
                   21.44                      -1.9170151
                   21.46                      -1.9458536
                   21.48                      -1.9747852
                    21.5                      -2.0038067
                   21.52                      -2.0329151
                   21.54                      -2.0621074
                   21.56                      -2.0913804
                   21.58                      -2.1207314
                    21.6                      -2.1501574
                   21.62                      -2.1796557
                   21.64                      -2.2092233
                   21.66                      -2.2388577
                   21.68                      -2.2685562
                    21.7                      -2.2983161
                   21.72                      -2.3281349
                   21.74                      -2.3580101
                   21.76                      -2.3879392
                   21.78                      -2.4179199
                    21.8                      -2.4479498
                   21.82                      -2.4780266
                   21.84                       -2.508148
                   21.86                      -2.5383118
                   21.88                      -2.5685159
                    21.9                      -2.5987582
                   21.92                      -2.6290366
                   21.94                      -2.6593491
                   21.96                      -2.6896937
                   21.98                      -2.7200685
                      22                      -2.7504717
                   22.02                      -2.7809014
                   22.04                      -2.8113559
                   22.06                      -2.8418333
                   22.08                       -2.872332
                    22.1                      -2.9028504
                   22.12                      -2.9333868
                   22.14                      -2.9639396
                   22.16                      -2.9945074
                   22.18                      -3.0250886
                    22.2                      -3.0556818
                   22.22                      -3.0862856
                   22.24                      -3.1168986
                   22.26                      -3.1475194
                   22.28                      -3.1781469
                    22.3                      -3.2087797
                   22.32                      -3.2394167
                   22.34                      -3.2700565
                   22.36                      -3.3006982
                   22.38                      -3.3313405
                    22.4                      -3.3619825
                   22.42                       -3.392623
                   22.44                      -3.4232611
                   22.46                      -3.4538958
                   22.48                      -3.4845261
                    22.5                      -3.5151512
                   22.52                      -3.5457702
                   22.54                      -3.5763822
                   22.56                      -3.6069865
                   22.58                      -3.6375822
                    22.6                      -3.6681686
                   22.62                      -3.6987451
                   22.64                      -3.7293108
                   22.66                      -3.7598652
                   22.68                      -3.7904076
                    22.7                      -3.8209375
                   22.72                      -3.8514542
                   22.74                      -3.8819573
                   22.76                      -3.9124462
                   22.78                      -3.9429204
                    22.8                      -3.9733795
                   22.82                      -4.0038231
                   22.84                      -4.0342507
                   22.86                      -4.0646621
                   22.88                      -4.0950567
                    22.9                      -4.1254344
                   22.92                      -4.1557948
                   22.94                      -4.1861376
                   22.96                      -4.2164627
                   22.98                      -4.2467697
                      23                      -4.2770586
                   23.02                      -4.3073291
                   23.04                      -4.3375811
                   23.06                      -4.3678145
                   23.08                      -4.3980292
                    23.1                      -4.4282251
                   23.12                      -4.4584022
                   23.14                      -4.4885605
                   23.16                      -4.5186999
                   23.18                      -4.5488206
                    23.2                      -4.5789225
                   23.22                      -4.6090058
                   23.24                      -4.6390706
                   23.26                      -4.6691169
                   23.28                       -4.699145
                    23.3                      -4.7291551
                   23.32                      -4.7591472
                   23.34                      -4.7891217
                   23.36                      -4.8190789
                   23.38                      -4.8490189
                    23.4                      -4.8789422
                   23.42                       -4.908849
                   23.44                      -4.9387397
                   23.46                      -4.9686146
                   23.48                      -4.9984743
                    23.5                      -5.0283191
                   23.52                      -5.0581494
                   23.54                      -5.0879659
                   23.56                      -5.1177689
                   23.58                      -5.1475591
                    23.6                       -5.177337
                   23.62                      -5.2071031
                   23.64                      -5.2368583
                   23.66                       -5.266603
                   23.68                       -5.296338
                    23.7                       -5.326064
                   23.72                      -5.3557817
                   23.74                       -5.385492
                   23.76                      -5.4151956
                   23.78                      -5.4448934
                    23.8                      -5.4745863
                   23.82                      -5.5042752
                   23.84                       -5.533961
                   23.86                      -5.5636448
                   23.88                      -5.5933274
                    23.9                      -5.6230101
                   23.92                      -5.6526939
                   23.94                      -5.6823799
                   23.96                      -5.7120694
                   23.98                      -5.7417635
                      24                      -5.7714635
                   24.02                      -5.8011707
                   24.04                      -5.8308865
                   24.06                      -5.8606123
                   24.08                      -5.8903495
                    24.1                      -5.9200996
                   24.12                      -5.9498642
                   24.14                      -5.9796449
                   24.16                      -6.0094434
                   24.18                      -6.0392614
                    24.2                      -6.0691006
                   24.22                      -6.0989629
                   24.24                      -6.1288503
                   24.26                      -6.1587646
                   24.28                       -6.188708
                    24.3                      -6.2186825
                   24.32                      -6.2486903
                   24.34                      -6.2787338
                   24.36                      -6.3088152
                   24.38                       -6.338937
                    24.4                      -6.3691017
                   24.42                      -6.3993118
                   24.44                      -6.4295702
                   24.46                      -6.4598797
                   24.48                       -6.490243
                    24.5                      -6.5206632
                   24.52                      -6.5511436
                   24.54                      -6.5816872
                   24.56                      -6.6122974
                   24.58                      -6.6429779
                    24.6                      -6.6737321
                   24.62                      -6.7045638
                   24.64                       -6.735477
                   24.66                      -6.7664758
                   24.68                      -6.7975643
                    24.7                      -6.8287469
                   24.72                      -6.8600283
                   24.74                      -6.8914133
                   24.76                      -6.9229066
                   24.78                      -6.9545137
                    24.8                      -6.9862397
                   24.82                      -7.0180904
                   24.84                      -7.0500716
                   24.86                      -7.0821894
                   24.88                      -7.1144502
                    24.9                      -7.1468607
                   24.92                      -7.1794279
                   24.94                      -7.2121589
                   24.96                      -7.2450615
                   24.98                      -7.2781436
                      25                      -7.3114136
                   25.02                      -7.3448802
                   25.04                      -7.3785525
                   25.06                      -7.4124403
                   25.08                      -7.4465535
                    25.1                      -7.4809029
                   25.12                      -7.5154995
                   25.14                       -7.550355
                   25.16                      -7.5854818
                   25.18                      -7.6208927
                    25.2                      -7.6566016
                   25.22                      -7.6926228
                   25.24                      -7.7289714
                   25.26                      -7.7656636
                   25.28                      -7.8027162
                    25.3                      -7.8401472
                   25.32                      -7.8779755
                   25.34                      -7.9162213
                   25.36                      -7.9549057
                   25.38                      -7.9940514
                    25.4                      -8.0336824
                   25.42                      -8.0738241
                   25.44                      -8.1145036
                   25.46                      -8.1557498
                   25.48                      -8.1975934
                    25.5                      -8.2400672
                   25.52                      -8.2832062
                   25.54                      -8.3270479
                   25.56                      -8.3716325
                   25.58                      -8.4170028
                    25.6                       -8.463205
                   25.62                      -8.5102885
                   25.64                      -8.5583067
                   25.66                      -8.6073169
                   25.68                      -8.6573809
                    25.7                      -8.7085656
                   25.72                      -8.7609432
                   25.74                      -8.8145919
                   25.76                      -8.8695968
                   25.78                        -8.92605
                    25.8                       -8.984052
                   25.82                      -9.0437124
                   25.84                      -9.1051507
                   25.86                       -9.168498
                   25.88                      -9.2338979
                    25.9                      -9.3015082
                   25.92                      -9.3715027
                   25.94                      -9.4440734
                   25.96                      -9.5194325
                   25.98                      -9.5978155
                      26                      -9.6794842
                   26.02                      -9.7647305
                   26.04                      -9.8538808
                   26.06                      -9.9473008
                   26.08                      -10.045402
                    26.1                       -10.14865
                   26.12                      -10.257568
                   26.14                      -10.372755
                   26.16                      -10.494891
                   26.18                      -10.624755
                    26.2                      -10.763241
                   26.22                      -10.911382
                   26.24                      -11.070372
                   26.26                      -11.241602
                   26.28                      -11.426692
                    26.3                      -11.627543
                   26.32                      -11.846391
                   26.34                       -12.08587
                   26.36                      -12.349091
                   26.38                       -12.63972
                    26.4                       -12.96206
                   26.42                      -13.321094
                   26.44                      -13.722439
                   26.46                      -14.172068
                   26.48                      -14.675497
                    26.5                      -15.235771
                   26.52                       -15.84886
                   26.54                      -16.493772
                   26.56                       -17.11355
                   26.58                      -17.587333
                    26.6                      -17.718134
                   26.62                      -17.302785
                   26.64                      -16.290406
                   26.66                      -14.839616
                   26.68                      -13.185695
                    26.7                      -11.514271
                   26.72                      -9.9404434
                   26.74                      -8.5328457
                   26.76                      -7.3335489
                   26.78                      -6.3650822
                    26.8                      -5.6304307
                   26.82                       -5.113368
                   26.84                       -4.782967
                   26.86                      -4.6012783
                   26.88                      -4.5307446
                    26.9                      -4.5389206
                   26.92                      -4.6002273
                   26.94                      -4.6957167
                   26.96                      -4.8119413
                   26.98                      -4.9396437
                      27                      -5.0725992
                   27.02                       -5.206711
                   27.04                      -5.3393458
                   27.06                       -5.468864
                   27.08                      -5.5942944
                    27.1                      -5.7151113
                   27.12                      -5.8310829
                   27.14                      -5.9421691
                   27.16                      -6.0484518
                   27.18                      -6.1500886
                    27.2                       -6.247281
                   27.22                      -6.3402536
                   27.24                      -6.4292404
                   27.26                      -6.5144758
                   27.28                      -6.5961884
                    27.3                       -6.674598
                   27.32                      -6.7499132
                   27.34                      -6.8223307
                   27.36                      -6.8920346
                   27.38                      -6.9591968
                    27.4                      -7.0239772
                   27.42                      -7.0865245
                   27.44                      -7.1469765
                   27.46                      -7.2054608
                   27.48                      -7.2620958
                    27.5                      -7.3169911
                   27.52                      -7.3702485
                   27.54                       -7.421962
                   27.56                       -7.472219
                   27.58                      -7.5211006
                    27.6                       -7.568682
                   27.62                      -7.6150331
                   27.64                      -7.6602189
                   27.66                         -7.7043
                   27.68                      -7.7473327
                    27.7                      -7.7893695
                   27.72                      -7.8304595
                   27.74                      -7.8706483
                   27.76                      -7.9099787
                   27.78                      -7.9484906
                    27.8                      -7.9862216
                   27.82                      -8.0232066
                   27.84                      -8.0594786
                   27.86                      -8.0950682
                   27.88                      -8.1300046
                    27.9                      -8.1643147
                   27.92                      -8.1980243
                   27.94                      -8.2311574
                   27.96                      -8.2637367
                   27.98                      -8.2957834
                      28                      -8.3273177
                   28.02                      -8.3583586
                   28.04                      -8.3889239
                   28.06                      -8.4190307
                   28.08                      -8.4486949
                    28.1                      -8.4779317
                   28.12                      -8.5067552
                   28.14                      -8.5351792
                   28.16                      -8.5632163
                   28.18                      -8.5908788
                    28.2                      -8.6181781
                   28.22                      -8.6451251
                   28.24                      -8.6717302
                   28.26                      -8.6980032
                   28.28                      -8.7239535
                    28.3                      -8.7495897
                   28.32                      -8.7749205
                   28.34                      -8.7999536
                   28.36                      -8.8246967
                   28.38                       -8.849157
                    28.4                      -8.8733412
                   28.42                       -8.897256
                   28.44                      -8.9209074
                   28.46                      -8.9443013
                   28.48                      -8.9674432
                    28.5                      -8.9903385
                   28.52                      -9.0129922
                   28.54                      -9.0354091
                   28.56                      -9.0575936
                   28.58                        -9.07955
                    28.6                      -9.1012825
                   28.62                      -9.1227949
                   28.64                      -9.1440909
                   28.66                      -9.1651739
                   28.68                      -9.1860472
                    28.7                      -9.2067139
                   28.72                       -9.227177
                   28.74                      -9.2474393
                   28.76                      -9.2675033
                   28.78                      -9.2873714
                    28.8                      -9.3070461
                   28.82                      -9.3265295
                   28.84                      -9.3458237
                   28.86                      -9.3649304
                   28.88                      -9.3838516
                    28.9                      -9.4025889
                   28.92                      -9.4211437
                   28.94                      -9.4395176
                   28.96                      -9.4577118
                   28.98                      -9.4757276
                      29                       -9.493566
                   29.02                       -9.511228
                   29.04                      -9.5287145
                   29.06                      -9.5460262
                   29.08                       -9.563164
                    29.1                      -9.5801284
                   29.12                      -9.5969198
                   29.14                      -9.6135388
                   29.16                      -9.6299857
                   29.18                      -9.6462606
                    29.2                      -9.6623639
                   29.22                      -9.6782955
                   29.24                      -9.6940556
                   29.26                      -9.7096439
                   29.28                      -9.7250604
                    29.3                      -9.7403049
                   29.32                       -9.755377
                   29.34                      -9.7702765
                   29.36                      -9.7850028
                   29.38                      -9.7995555
                    29.4                       -9.813934
                   29.42                      -9.8281376
                   29.44                      -9.8421658
                   29.46                      -9.8560176
                   29.48                      -9.8696923
                    29.5                      -9.8831891
                   29.52                      -9.8965069
                   29.54                      -9.9096447
                   29.56                      -9.9226016
                   29.58                      -9.9353764
                    29.6                      -9.9479679
                   29.62                       -9.960375
                   29.64                      -9.9725963
                   29.66                      -9.9846307
                   29.68                      -9.9964766
                    29.7                      -10.008133
                   29.72                      -10.019598
                   29.74                       -10.03087
                   29.76                      -10.041948
                   29.78                      -10.052831
                    29.8                      -10.063516
                   29.82                      -10.074003
                   29.84                      -10.084289
                   29.86                      -10.094373
                   29.88                      -10.104253
                    29.9                      -10.113928
                   29.92                      -10.123397
                   29.94                      -10.132656
                   29.96                      -10.141705
                   29.98                      -10.150543
                      30                      -10.159167

