        Frequency / GHz                SZmin(1),Zmax(1)/abs,linear
----------------------------------------------------------------------
                      10                      0.21035707
                   10.02                      0.21119243
                   10.04                      0.21203244
                   10.06                      0.21287705
                   10.08                      0.21372624
                    10.1                      0.21457998
                   10.12                      0.21543819
                   10.14                      0.21630082
                   10.16                      0.21716779
                   10.18                      0.21803898
                    10.2                      0.21891427
                   10.22                      0.21979353
                   10.24                      0.22067657
                   10.26                      0.22156321
                   10.28                       0.2224532
                    10.3                      0.22334628
                   10.32                      0.22424214
                   10.34                      0.22514043
                   10.36                      0.22604073
                   10.38                      0.22694258
                    10.4                      0.22784545
                   10.42                      0.22874873
                   10.44                      0.22965174
                   10.46                      0.23055367
                   10.48                      0.23145365
                    10.5                      0.23235064
                   10.52                      0.23324351
                   10.54                      0.23413094
                   10.56                      0.23501144
                   10.58                      0.23588333
                    10.6                      0.23674469
                   10.62                      0.23759335
                   10.64                      0.23842684
                   10.66                      0.23924236
                   10.68                      0.24003672
                    10.7                      0.24080632
                   10.72                      0.24154704
                   10.74                      0.24225421
                   10.76                      0.24292253
                   10.78                      0.24354595
                    10.8                      0.24411759
                   10.82                      0.24462966
                   10.84                      0.24507324
                   10.86                      0.24543823
                   10.88                      0.24571312
                    10.9                      0.24588483
                   10.92                      0.24593851
                   10.94                      0.24585732
                   10.96                      0.24562216
                   10.98                      0.24521145
                      11                      0.24460087
                   11.02                      0.24376306
                   11.04                       0.2426674
                   11.06                      0.24127979
                   11.08                      0.23956251
                    11.1                      0.23747414
                   11.12                      0.23496967
                   11.14                       0.2320008
                   11.16                      0.22851644
                   11.18                      0.22446371
                    11.2                      0.21978916
                   11.22                       0.2144406
                   11.24                      0.20836944
                   11.26                      0.20153347
                   11.28                       0.1939001
                    11.3                      0.18544993
                   11.32                      0.17618031
                   11.34                      0.16610852
                   11.36                      0.15527441
                   11.38                      0.14374196
                    11.4                       0.1315996
                   11.42                      0.11895947
                   11.44                      0.10595611
                   11.46                     0.092745774
                   11.48                     0.079509186
                    11.5                     0.066463165
                   11.52                     0.053894567
                   11.54                     0.042250767
                   11.56                     0.032370067
                   11.58                     0.025911609
                    11.6                     0.025041118
                   11.62                     0.029682827
                   11.64                     0.037381092
                   11.66                     0.046253548
                   11.68                     0.055424465
                    11.7                     0.064511295
                   11.72                     0.073339974
                   11.74                     0.081829953
                   11.76                     0.089946578
                   11.78                     0.097679519
                    11.8                      0.10503203
                   11.82                      0.11201515
                   11.84                      0.11864435
                   11.86                      0.12493746
                   11.88                      0.13091343
                    11.9                      0.13659148
                   11.92                      0.14199058
                   11.94                      0.14712911
                   11.96                      0.15202464
                   11.98                      0.15669385
                      12                      0.16115242
                   12.02                      0.16541504
                   12.04                      0.16949542
                   12.06                      0.17340632
                   12.08                      0.17715958
                    12.1                       0.1807662
                   12.12                      0.18423634
                   12.14                      0.18757941
                   12.16                      0.19080412
                   12.18                      0.19391852
                    12.2                      0.19693006
                   12.22                      0.19984562
                   12.24                      0.20267158
                   12.26                      0.20541384
                   12.28                      0.20807786
                    12.3                       0.2106687
                   12.32                      0.21319106
                   12.34                      0.21564928
                   12.36                      0.21804742
                   12.38                      0.22038923
                    12.4                       0.2226782
                   12.42                      0.22491759
                   12.44                      0.22711042
                   12.46                      0.22925952
                   12.48                      0.23136752
                    12.5                      0.23343687
                   12.52                      0.23546989
                   12.54                      0.23746871
                   12.56                      0.23943536
                   12.58                      0.24137171
                    12.6                      0.24327953
                   12.62                      0.24516049
                   12.64                      0.24701614
                   12.66                      0.24884795
                   12.68                      0.25065729
                    12.7                      0.25244548
                   12.72                      0.25421372
                   12.74                      0.25596317
                   12.76                      0.25769493
                   12.78                      0.25941001
                    12.8                       0.2611094
                   12.82                      0.26279402
                   12.84                      0.26446473
                   12.86                      0.26612237
                   12.88                      0.26776771
                    12.9                       0.2694015
                   12.92                      0.27102444
                   12.94                      0.27263721
                   12.96                      0.27424044
                   12.98                      0.27583475
                      13                      0.27742071
                   13.02                      0.27899887
                   13.04                      0.28056976
                   13.06                      0.28213387
                   13.08                       0.2836917
                    13.1                       0.2852437
                   13.12                      0.28679031
                   13.14                      0.28833195
                   13.16                      0.28986902
                   13.18                       0.2914019
                    13.2                      0.29293098
                   13.22                      0.29445659
                   13.24                      0.29597909
                   13.26                      0.29749879
                   13.28                      0.29901603
                    13.3                      0.30053109
                   13.32                      0.30204428
                   13.34                      0.30355587
                   13.36                      0.30506614
                   13.38                      0.30657535
                    13.4                      0.30808374
                   13.42                      0.30959158
                   13.44                      0.31109908
                   13.46                      0.31260649
                   13.48                      0.31411401
                    13.5                      0.31562188
                   13.52                      0.31713029
                   13.54                      0.31863945
                   13.56                      0.32014955
                   13.58                      0.32166078
                    13.6                      0.32317332
                   13.62                      0.32468737
                   13.64                      0.32620309
                   13.66                      0.32772064
                   13.68                      0.32924021
                    13.7                      0.33076194
                   13.72                        0.332286
                   13.74                      0.33381253
                   13.76                       0.3353417
                   13.78                      0.33687364
                    13.8                       0.3384085
                   13.82                      0.33994642
                   13.84                      0.34148753
                   13.86                      0.34303197
                   13.88                      0.34457988
                    13.9                      0.34613137
                   13.92                      0.34768658
                   13.94                      0.34924563
                   13.96                      0.35080864
                   13.98                      0.35237572
                      14                      0.35394701
                   14.02                      0.35552261
                   14.04                      0.35710263
                   14.06                      0.35868719
                   14.08                       0.3602764
                    14.1                      0.36187037
                   14.12                      0.36346919
                   14.14                      0.36507298
                   14.16                      0.36668184
                   14.18                      0.36829588
                    14.2                      0.36991518
                   14.22                      0.37153986
                   14.24                      0.37317001
                   14.26                      0.37480572
                   14.28                       0.3764471
                    14.3                      0.37809424
                   14.32                      0.37974723
                   14.34                      0.38140616
                   14.36                      0.38307113
                   14.38                      0.38474223
                    14.4                      0.38641955
                   14.42                      0.38810317
                   14.44                      0.38979319
                   14.46                      0.39148969
                   14.48                      0.39319275
                    14.5                      0.39490248
                   14.52                      0.39661894
                   14.54                      0.39834223
                   14.56                      0.40007244
                   14.58                      0.40180963
                    14.6                       0.4035539
                   14.62                      0.40530532
                   14.64                      0.40706399
                   14.66                      0.40882998
                   14.68                      0.41060337
                    14.7                      0.41238424
                   14.72                      0.41417267
                   14.74                      0.41596874
                   14.76                      0.41777253
                   14.78                      0.41958412
                    14.8                      0.42140358
                   14.82                      0.42323099
                   14.84                      0.42506643
                   14.86                      0.42690997
                   14.88                       0.4287617
                    14.9                      0.43062168
                   14.92                      0.43248998
                   14.94                       0.4343667
                   14.96                      0.43625189
                   14.98                      0.43814563
                      15                        0.440048
                   15.02                      0.44195907
                   15.04                      0.44387891
                   15.06                      0.44580759
                   15.08                      0.44774518
                    15.1                      0.44969176
                   15.12                       0.4516474
                   15.14                      0.45361216
                   15.16                      0.45558611
                   15.18                      0.45756933
                    15.2                      0.45956188
                   15.22                      0.46156384
                   15.24                      0.46357526
                   15.26                      0.46559621
                   15.28                      0.46762677
                    15.3                        0.469667
                   15.32                      0.47171696
                   15.34                      0.47377672
                   15.36                      0.47584634
                   15.38                      0.47792589
                    15.4                      0.48001543
                   15.42                      0.48211503
                   15.44                      0.48422473
                   15.46                      0.48634461
                   15.48                      0.48847473
                    15.5                      0.49061514
                   15.52                      0.49276591
                   15.54                      0.49492709
                   15.56                      0.49709873
                   15.58                      0.49928091
                    15.6                      0.50147366
                   15.62                      0.50367705
                   15.64                      0.50589113
                   15.66                      0.50811595
                   15.68                      0.51035157
                    15.7                      0.51259803
                   15.72                      0.51485538
                   15.74                      0.51712367
                   15.76                      0.51940296
                   15.78                      0.52169328
                    15.8                      0.52399468
                   15.82                       0.5263072
                   15.84                       0.5286309
                   15.86                      0.53096579
                   15.88                      0.53331194
                    15.9                      0.53566936
                   15.92                      0.53803811
                   15.94                      0.54041822
                   15.96                      0.54280971
                   15.98                      0.54521262
                      16                      0.54762698
                   16.02                      0.55005282
                   16.04                      0.55249016
                   16.06                      0.55493903
                   16.08                      0.55739945
                    16.1                      0.55987143
                   16.12                      0.56235501
                   16.14                      0.56485019
                   16.16                      0.56735698
                   16.18                       0.5698754
                    16.2                      0.57240546
                   16.22                      0.57494716
                   16.24                      0.57750051
                   16.26                       0.5800655
                   16.28                      0.58264214
                    16.3                      0.58523042
                   16.32                      0.58783033
                   16.34                      0.59044186
                   16.36                        0.593065
                   16.38                      0.59569974
                    16.4                      0.59834604
                   16.42                      0.60100389
                   16.44                      0.60367327
                   16.46                      0.60635413
                   16.48                      0.60904645
                    16.5                      0.61175019
                   16.52                      0.61446531
                   16.54                      0.61719176
                   16.56                      0.61992949
                   16.58                      0.62267844
                    16.6                      0.62543856
                   16.62                      0.62820979
                   16.64                      0.63099206
                   16.66                      0.63378529
                   16.68                      0.63658941
                    16.7                      0.63940433
                   16.72                      0.64222998
                   16.74                      0.64506626
                   16.76                      0.64791306
                   16.78                      0.65077029
                    16.8                      0.65363784
                   16.82                      0.65651559
                   16.84                      0.65940343
                   16.86                      0.66230123
                   16.88                      0.66520885
                    16.9                      0.66812616
                   16.92                      0.67105301
                   16.94                      0.67398925
                   16.96                      0.67693473
                   16.98                      0.67988927
                      17                      0.68285271
                   17.02                      0.68582487
                   17.04                      0.68880555
                   17.06                      0.69179458
                   17.08                      0.69479173
                    17.1                      0.69779682
                   17.12                      0.70080961
                   17.14                      0.70382988
                   17.16                      0.70685741
                   17.18                      0.70989195
                    17.2                      0.71293324
                   17.22                      0.71598103
                   17.24                      0.71903506
                   17.26                      0.72209504
                   17.28                      0.72516069
                    17.3                      0.72823172
                   17.32                      0.73130783
                   17.34                      0.73438869
                   17.36                      0.73747399
                   17.38                      0.74056339
                    17.4                      0.74365655
                   17.42                      0.74675312
                   17.44                      0.74985274
                   17.46                      0.75295503
                   17.48                      0.75605962
                    17.5                       0.7591661
                   17.52                      0.76227407
                   17.54                      0.76538312
                   17.56                      0.76849283
                   17.58                      0.77160276
                    17.6                      0.77471246
                   17.62                      0.77782147
                   17.64                      0.78092933
                   17.66                      0.78403556
                   17.68                      0.78713966
                    17.7                      0.79024114
                   17.72                      0.79333948
                   17.74                      0.79643416
                   17.76                      0.79952464
                   17.78                      0.80261038
                    17.8                      0.80569082
                   17.82                       0.8087654
                   17.84                      0.81183354
                   17.86                      0.81489464
                   17.88                      0.81794811
                    17.9                      0.82099333
                   17.92                      0.82402968
                   17.94                      0.82705654
                   17.96                      0.83007326
                   17.98                      0.83307918
                      18                      0.83607365
                   18.02                      0.83905599
                   18.04                      0.84202552
                   18.06                      0.84498155
                   18.08                      0.84792338
                    18.1                       0.8508503
                   18.12                      0.85376159
                   18.14                      0.85665652
                   18.16                      0.85953436
                   18.18                      0.86239438
                    18.2                      0.86523581
                   18.22                       0.8680579
                   18.24                      0.87085989
                   18.26                      0.87364101
                   18.28                      0.87640049
                    18.3                      0.87913754
                   18.32                      0.88185138
                   18.34                      0.88454122
                   18.36                      0.88720627
                   18.38                      0.88984573
                    18.4                      0.89245881
                   18.42                      0.89504469
                   18.44                      0.89760258
                   18.46                      0.90013167
                   18.48                      0.90263116
                    18.5                      0.90510024
                   18.52                      0.90753812
                   18.54                      0.90994398
                   18.56                      0.91231703
                   18.58                      0.91465647
                    18.6                       0.9169615
                   18.62                      0.91923135
                   18.64                      0.92146522
                   18.66                      0.92366234
                   18.68                      0.92582193
                    18.7                      0.92794322
                   18.72                      0.93002548
                   18.74                      0.93206793
                   18.76                      0.93406985
                   18.78                      0.93603051
                    18.8                      0.93794919
                   18.82                      0.93982518
                   18.84                       0.9416578
                   18.86                      0.94344635
                   18.88                      0.94519019
                    18.9                      0.94688865
                   18.92                       0.9485411
                   18.94                      0.95014692
                   18.96                      0.95170551
                   18.98                      0.95321628
                      19                      0.95467867
                   19.02                      0.95609214
                   19.04                      0.95745615
                   19.06                      0.95877019
                   19.08                      0.96003379
                    19.1                      0.96124648
                   19.12                       0.9624078
                   19.14                      0.96351736
                   19.16                      0.96457474
                   19.18                      0.96557958
                    19.2                      0.96653152
                   19.22                      0.96743024
                   19.24                      0.96827545
                   19.26                      0.96906686
                   19.28                      0.96980423
                    19.3                      0.97048734
                   19.32                      0.97111598
                   19.34                         0.97169
                   19.36                      0.97220925
                   19.38                       0.9726736
                    19.4                      0.97308297
                   19.42                       0.9734373
                   19.44                      0.97373655
                   19.46                      0.97398072
                   19.48                      0.97416981
                    19.5                      0.97430388
                   19.52                        0.974383
                   19.54                      0.97440726
                   19.56                       0.9743768
                   19.58                      0.97429176
                    19.6                      0.97415231
                   19.62                      0.97395868
                   19.64                      0.97371107
                   19.66                      0.97340976
                   19.68                      0.97305501
                    19.7                      0.97264713
                   19.72                      0.97218644
                   19.74                       0.9716733
                   19.76                      0.97110808
                   19.78                      0.97049118
                    19.8                      0.96982301
                   19.82                      0.96910401
                   19.84                      0.96833465
                   19.86                       0.9675154
                   19.88                      0.96664676
                    19.9                      0.96572925
                   19.92                      0.96476341
                   19.94                      0.96374979
                   19.96                      0.96268896
                   19.98                      0.96158151
                      20                      0.96042804
                   20.02                      0.95922917
                   20.04                      0.95798552
                   20.06                      0.95669776
                   20.08                      0.95536652
                    20.1                      0.95399248
                   20.12                      0.95257632
                   20.14                      0.95111873
                   20.16                      0.94962041
                   20.18                      0.94808206
                    20.2                      0.94650441
                   20.22                      0.94488817
                   20.24                      0.94323408
                   20.26                      0.94154287
                   20.28                      0.93981529
                    20.3                      0.93805209
                   20.32                        0.936254
                   20.34                      0.93442179
                   20.36                       0.9325562
                   20.38                      0.93065801
                    20.4                      0.92872797
                   20.42                      0.92676683
                   20.44                      0.92477536
                   20.46                      0.92275432
                   20.48                      0.92070446
                    20.5                      0.91862654
                   20.52                      0.91652132
                   20.54                      0.91438955
                   20.56                      0.91223197
                   20.58                      0.91004934
                    20.6                      0.90784239
                   20.62                      0.90561185
                   20.64                      0.90335847
                   20.66                      0.90108297
                   20.68                      0.89878606
                    20.7                      0.89646846
                   20.72                      0.89413088
                   20.74                      0.89177403
                   20.76                      0.88939858
                   20.78                      0.88700524
                    20.8                      0.88459467
                   20.82                      0.88216756
                   20.84                      0.87972456
                   20.86                      0.87726632
                   20.88                      0.87479349
                    20.9                      0.87230672
                   20.92                      0.86980662
                   20.94                      0.86729381
                   20.96                      0.86476891
                   20.98                      0.86223251
                      21                       0.8596852
                   21.02                      0.85712756
                   21.04                      0.85456017
                   21.06                      0.85198359
                   21.08                      0.84939836
                    21.1                      0.84680502
                   21.12                      0.84420411
                   21.14                      0.84159615
                   21.16                      0.83898165
                   21.18                       0.8363611
                    21.2                        0.833735
                   21.22                      0.83110384
                   21.24                      0.82846807
                   21.26                      0.82582816
                   21.28                      0.82318455
                    21.3                       0.8205377
                   21.32                      0.81788803
                   21.34                      0.81523596
                   21.36                      0.81258189
                   21.38                      0.80992624
                    21.4                      0.80726939
                   21.42                      0.80461172
                   21.44                      0.80195361
                   21.46                      0.79929542
                   21.48                      0.79663749
                    21.5                      0.79398019
                   21.52                      0.79132383
                   21.54                      0.78866875
                   21.56                      0.78601526
                   21.58                      0.78336367
                    21.6                      0.78071429
                   21.62                       0.7780674
                   21.64                      0.77542328
                   21.66                      0.77278221
                   21.68                      0.77014445
                    21.7                      0.76751027
                   21.72                      0.76487991
                   21.74                      0.76225362
                   21.76                      0.75963163
                   21.78                      0.75701416
                    21.8                      0.75440144
                   21.82                      0.75179368
                   21.84                      0.74919109
                   21.86                      0.74659385
                   21.88                      0.74400217
                    21.9                      0.74141623
                   21.92                      0.73883621
                   21.94                      0.73626227
                   21.96                      0.73369459
                   21.98                      0.73113331
                      22                       0.7285786
                   22.02                       0.7260306
                   22.04                      0.72348946
                   22.06                      0.72095529
                   22.08                      0.71842825
                    22.1                      0.71590844
                   22.12                      0.71339599
                   22.14                      0.71089101
                   22.16                       0.7083936
                   22.18                      0.70590388
                    22.2                      0.70342194
                   22.22                      0.70094787
                   22.24                      0.69848176
                   22.26                       0.6960237
                   22.28                      0.69357376
                    22.3                      0.69113202
                   22.32                      0.68869855
                   22.34                      0.68627341
                   22.36                      0.68385668
                   22.38                       0.6814484
                    22.4                      0.67904863
                   22.42                      0.67665742
                   22.44                      0.67427483
                   22.46                      0.67190088
                   22.48                      0.66953563
                    22.5                      0.66717911
                   22.52                      0.66483135
                   22.54                      0.66249238
                   22.56                      0.66016223
                   22.58                      0.65784093
                    22.6                      0.65552849
                   22.62                      0.65322492
                   22.64                      0.65093026
                   22.66                       0.6486445
                   22.68                      0.64636766
                    22.7                      0.64409974
                   22.72                      0.64184075
                   22.74                      0.63959069
                   22.76                      0.63734956
                   22.78                      0.63511735
                    22.8                      0.63289406
                   22.82                      0.63067969
                   22.84                      0.62847421
                   22.86                      0.62627763
                   22.88                      0.62408991
                    22.9                      0.62191106
                   22.92                      0.61974105
                   22.94                      0.61757985
                   22.96                      0.61542745
                   22.98                      0.61328383
                      23                      0.61114895
                   23.02                      0.60902279
                   23.04                      0.60690532
                   23.06                      0.60479651
                   23.08                      0.60269632
                    23.1                      0.60060473
                   23.12                      0.59852168
                   23.14                      0.59644716
                   23.16                      0.59438112
                   23.18                      0.59232351
                    23.2                       0.5902743
                   23.22                      0.58823344
                   23.24                      0.58620089
                   23.26                       0.5841766
                   23.28                      0.58216052
                    23.3                      0.58015261
                   23.32                      0.57815281
                   23.34                      0.57616107
                   23.36                      0.57417735
                   23.38                      0.57220158
                    23.4                      0.57023371
                   23.42                      0.56827369
                   23.44                      0.56632146
                   23.46                      0.56437695
                   23.48                      0.56244011
                    23.5                      0.56051088
                   23.52                      0.55858919
                   23.54                      0.55667498
                   23.56                      0.55476819
                   23.58                      0.55286875
                    23.6                       0.5509766
                   23.62                      0.54909165
                   23.64                      0.54721386
                   23.66                      0.54534314
                   23.68                      0.54347942
                    23.7                      0.54162263
                   23.72                       0.5397727
                   23.74                      0.53792955
                   23.76                       0.5360931
                   23.78                      0.53426328
                    23.8                      0.53244001
                   23.82                      0.53062321
                   23.84                      0.52881279
                   23.86                      0.52700867
                   23.88                      0.52521078
                    23.9                      0.52341901
                   23.92                       0.5216333
                   23.94                      0.51985354
                   23.96                      0.51807965
                   23.98                      0.51631153
                      24                       0.5145491
                   24.02                      0.51279226
                   24.04                      0.51104092
                   24.06                      0.50929497
                   24.08                      0.50755432
                    24.1                      0.50581886
                   24.12                       0.5040885
                   24.14                      0.50236312
                   24.16                      0.50064263
                   24.18                      0.49892691
                    24.2                      0.49721586
                   24.22                      0.49550935
                   24.24                      0.49380728
                   24.26                      0.49210952
                   24.28                      0.49041597
                    24.3                      0.48872649
                   24.32                      0.48704096
                   24.34                      0.48535925
                   24.36                      0.48368124
                   24.38                      0.48200678
                    24.4                      0.48033576
                   24.42                      0.47866801
                   24.44                      0.47700341
                   24.46                      0.47534181
                   24.48                      0.47368306
                    24.5                        0.472027
                   24.52                      0.47037347
                   24.54                      0.46872233
                   24.56                      0.46707339
                   24.58                       0.4654265
                    24.6                      0.46378147
                   24.62                      0.46213814
                   24.64                       0.4604963
                   24.66                      0.45885578
                   24.68                      0.45721639
                    24.7                       0.4555779
                   24.72                      0.45394014
                   24.74                      0.45230286
                   24.76                      0.45066587
                   24.78                      0.44902892
                    24.8                      0.44739179
                   24.82                      0.44575424
                   24.84                        0.444116
                   24.86                      0.44247682
                   24.88                      0.44083644
                    24.9                      0.43919457
                   24.92                      0.43755093
                   24.94                       0.4359052
                   24.96                       0.4342571
                   24.98                      0.43260628
                      25                      0.43095242
                   25.02                      0.42929516
                   25.04                      0.42763414
                   25.06                      0.42596899
                   25.08                      0.42429931
                    25.1                      0.42262468
                   25.12                      0.42094468
                   25.14                      0.41925886
                   25.16                      0.41756675
                   25.18                      0.41586787
                    25.2                      0.41416169
                   25.22                      0.41244768
                   25.24                      0.41072528
                   25.26                      0.40899389
                   25.28                      0.40725291
                    25.3                      0.40550166
                   25.32                      0.40373948
                   25.34                      0.40196565
                   25.36                      0.40017939
                   25.38                      0.39837991
                    25.4                      0.39656637
                   25.42                      0.39473787
                   25.44                      0.39289348
                   25.46                      0.39103219
                   25.48                      0.38915295
                    25.5                      0.38725465
                   25.52                      0.38533609
                   25.54                      0.38339602
                   25.56                       0.3814331
                   25.58                       0.3794459
                    25.6                       0.3774329
                   25.62                      0.37539248
                   25.64                      0.37332293
                   25.66                      0.37122238
                   25.68                      0.36908887
                    25.7                      0.36692028
                   25.72                      0.36471434
                   25.74                      0.36246861
                   25.76                      0.36018047
                   25.78                       0.3578471
                    25.8                      0.35546545
                   25.82                      0.35303225
                   25.84                      0.35054394
                   25.86                      0.34799668
                   25.88                       0.3453863
                    25.9                      0.34270828
                   25.92                      0.33995769
                   25.94                      0.33712917
                   25.96                      0.33421688
                   25.98                      0.33121441
                      26                      0.32811478
                   26.02                       0.3249103
                   26.04                      0.32159254
                   26.06                      0.31815222
                   26.08                      0.31457911
                    26.1                      0.31086192
                   26.12                      0.30698814
                   26.14                      0.30294393
                   26.16                      0.29871392
                   26.18                      0.29428103
                    26.2                      0.28962627
                   26.22                      0.28472848
                   26.24                      0.27956409
                   26.26                      0.27410687
                   26.28                      0.26832765
                    26.3                      0.26219406
                   26.32                       0.2556704
                   26.34                      0.24871759
                   26.36                      0.24129342
                   26.38                      0.23335333
                    26.4                      0.22485212
                   26.42                      0.21574726
                   26.44                      0.20600513
                   26.46                       0.1956125
                   26.48                      0.18459722
                    26.5                      0.17306587
                   26.52                      0.16127127
                   26.54                      0.14973089
                   26.56                      0.13941917
                   26.58                      0.13201806
                    26.6                       0.1300449
                   26.62                      0.13641457
                   26.64                      0.15327795
                   26.66                      0.18114202
                   26.68                      0.21913677
                    26.7                      0.26563572
                   26.72                       0.3184035
                   26.74                      0.37441886
                   26.76                      0.42985556
                   26.78                      0.48055809
                    26.8                      0.52297203
                   26.82                      0.55504935
                   26.84                      0.57656948
                   26.86                        0.588757
                   26.88                      0.59355747
                    26.9                      0.59299902
                   26.92                      0.58882825
                   26.94                      0.58239035
                   26.96                      0.57464937
                   26.98                      0.56626252
                      27                       0.5576607
                   27.02                      0.54911645
                   27.04                      0.54079505
                   27.06                       0.5327909
                   27.08                      0.52515231
                    27.1                      0.51789824
                   27.12                      0.51102937
                   27.14                      0.50453529
                   27.16                      0.49839928
                   27.18                      0.49260132
                    27.2                      0.48711999
                   27.22                      0.48193373
                   27.24                      0.47702153
                   27.26                      0.47236337
                   27.28                      0.46794044
                    27.3                      0.46373524
                   27.32                      0.45973158
                   27.34                      0.45591457
                   27.36                      0.45227051
                   27.38                      0.44878689
                    27.4                      0.44545223
                   27.42                      0.44225604
                   27.44                      0.43918872
                   27.46                      0.43624148
                   27.48                      0.43340629
                    27.5                      0.43067577
                   27.52                      0.42804317
                   27.54                      0.42550229
                   27.56                      0.42304742
                   27.58                      0.42067332
                    27.6                      0.41837517
                   27.62                      0.41614851
                   27.64                      0.41398924
                   27.66                      0.41189356
                   27.68                      0.40985795
                    27.7                      0.40787917
                   27.72                      0.40595419
                   27.74                      0.40408022
                   27.76                      0.40225464
                   27.78                      0.40047505
                    27.8                      0.39873919
                   27.82                      0.39704494
                   27.84                      0.39539036
                   27.86                      0.39377359
                   27.88                      0.39219294
                    27.9                      0.39064679
                   27.92                      0.38913365
                   27.94                      0.38765209
                   27.96                       0.3862008
                   27.98                      0.38477853
                      28                      0.38338412
                   28.02                      0.38201646
                   28.04                      0.38067452
                   28.06                      0.37935732
                   28.08                      0.37806394
                    28.1                      0.37679351
                   28.12                      0.37554522
                   28.14                      0.37431828
                   28.16                      0.37311197
                   28.18                      0.37192559
                    28.2                      0.37075848
                   28.22                      0.36961003
                   28.24                      0.36847963
                   28.26                      0.36736674
                   28.28                      0.36627083
                    28.3                      0.36519138
                   28.32                      0.36412792
                   28.34                         0.36308
                   28.36                      0.36204718
                   28.38                      0.36102905
                    28.4                      0.36002523
                   28.42                      0.35903534
                   28.44                      0.35805903
                   28.46                      0.35709596
                   28.48                      0.35614581
                    28.5                      0.35520827
                   28.52                      0.35428306
                   28.54                      0.35336989
                   28.56                      0.35246851
                   28.58                      0.35157865
                    28.6                      0.35070009
                   28.62                      0.34983258
                   28.64                      0.34897592
                   28.66                      0.34812988
                   28.68                      0.34729429
                    28.7                      0.34646894
                   28.72                      0.34565365
                   28.74                      0.34484826
                   28.76                      0.34405259
                   28.78                      0.34326651
                    28.8                      0.34248984
                   28.82                      0.34172246
                   28.84                      0.34096423
                   28.86                      0.34021502
                   28.88                       0.3394747
                    28.9                      0.33874318
                   28.92                      0.33802032
                   28.94                      0.33730604
                   28.96                      0.33660023
                   28.98                       0.3359028
                      29                      0.33521365
                   29.02                      0.33453272
                   29.04                      0.33385991
                   29.06                      0.33319516
                   29.08                       0.3325384
                    29.1                      0.33188955
                   29.12                      0.33124857
                   29.14                      0.33061538
                   29.16                      0.32998995
                   29.18                      0.32937222
                    29.2                      0.32876214
                   29.22                      0.32815968
                   29.24                       0.3275648
                   29.26                      0.32697745
                   29.28                      0.32639762
                    29.3                      0.32582526
                   29.32                      0.32526037
                   29.34                      0.32470291
                   29.36                      0.32415286
                   29.38                      0.32361022
                    29.4                      0.32307496
                   29.42                      0.32254708
                   29.44                      0.32202657
                   29.46                      0.32151343
                   29.48                      0.32100765
                    29.5                      0.32050923
                   29.52                      0.32001818
                   29.54                      0.31953451
                   29.56                      0.31905821
                   29.58                       0.3185893
                    29.6                      0.31812779
                   29.62                      0.31767369
                   29.64                      0.31722703
                   29.66                      0.31678781
                   29.68                      0.31635607
                    29.7                      0.31593181
                   29.72                      0.31551507
                   29.74                      0.31510587
                   29.76                      0.31470423
                   29.78                      0.31431018
                    29.8                      0.31392376
                   29.82                      0.31354499
                   29.84                       0.3131739
                   29.86                      0.31281052
                   29.88                       0.3124549
                    29.9                      0.31210705
                   29.92                      0.31176702
                   29.94                      0.31143484
                   29.96                      0.31111054
                   29.98                      0.31079416
                      30                      0.31048574

