#param resolution,2.0000e-04
#param simtime,5.0000e-09
#param loss,0.0000e+00
#param l,5.6000e-03
#param ts,8.0000e-04
#param padding,8.0000e-04
#param cellnumber,1.0000e+00
#param w,1.2000e-03
#param ay,3.6000e-03
#param ax,7.2000e-03
#param cellsize,2.0000e-03
#param tc,4.0000e-04
#param frequency_domain,False
#x-column freq
#column |r|
#column r phase
#column |t|
#column t phase
#column real N
#column imag N
#column real Z
#column imag Z
#column real eps
#column imag eps
#column real mu
#column imag mu
1.00638300e+10 7.06584600e-01 3.00157300e+00 6.89891600e-01 -1.70602500e+00 4.40653997e+00 -4.18279464e-02 3.95077626e-01 1.26026350e-04 1.11535706e+01 -1.09430622e-01 1.74093062e+00 -1.59699456e-02
1.01553200e+10 7.05136000e-01 2.98527300e+00 6.90690600e-01 -1.72374200e+00 4.31798910e+00 -4.34848548e-02 3.97720193e-01 4.89778837e-04 1.08567005e+01 -1.22704952e-01 1.71737275e+00 -1.51799452e-02
1.02468100e+10 7.03186600e-01 2.96851700e+00 6.91875400e-01 -1.74208000e+00 4.22912118e+00 -4.53379652e-02 4.00662930e-01 8.95558209e-04 1.05550037e+01 -1.36749825e-01 1.69449268e+00 -1.43778178e-02
1.03383000e+10 7.00661700e-01 2.95124200e+00 6.93488500e-01 -1.76114100e+00 4.13972697e+00 -4.74300017e-02 4.03949147e-01 1.35357646e-03 1.02476304e+01 -1.51754134e-01 1.67230338e+00 -1.35558718e-02
1.04297900e+10 6.97475400e-01 2.93337400e+00 6.95582300e-01 -1.78104200e+00 4.04957707e+00 -4.97899587e-02 4.07629654e-01 1.87415964e-03 9.93368004e+00 -1.67817185e-01 1.65082102e+00 -1.27063097e-02
1.05212800e+10 6.93515200e-01 2.91482000e+00 6.98218800e-01 -1.80193300e+00 3.95838123e+00 -5.24668735e-02 4.11769864e-01 2.47140855e-03 9.61198014e+00 -1.85108261e-01 1.63007177e+00 -1.18215001e-02
1.06127700e+10 6.88644500e-01 2.89548100e+00 7.01463600e-01 -1.82399300e+00 3.86582816e+00 -5.55301758e-02 4.16444844e-01 3.16551766e-03 9.28137974e+00 -2.03893861e-01 1.61007999e+00 -1.08879081e-02
1.07042600e+10 6.82694700e-01 2.87523300e+00 7.05399700e-01 -1.84743800e+00 3.77154548e+00 -5.90405615e-02 4.21749085e-01 3.97843416e-03 8.94051260e+00 -2.24327226e-01 1.59088075e+00 -9.89545741e-03
1.07957500e+10 6.75442800e-01 2.85392800e+00 7.10121400e-01 -1.87255100e+00 3.67506260e+00 -6.31013867e-02 4.27804025e-01 4.94327080e-03 8.58767734e+00 -2.46731202e-01 1.57251850e+00 -8.82819763e-03
1.08872400e+10 6.66609600e-01 2.83140800e+00 7.15729300e-01 -1.89967700e+00 3.57585343e+00 -6.78476333e-02 4.34756313e-01 6.10568492e-03 8.22114719e+00 -2.71516167e-01 1.55503911e+00 -7.66415253e-03
1.09787300e+10 6.55832900e-01 2.80747300e+00 7.22350600e-01 -1.92925100e+00 3.47325151e+00 -7.34189811e-02 4.42800135e-01 7.52064319e-03 7.83875840e+00 -2.98941837e-01 1.53850840e+00 -6.38884940e-03
1.10702200e+10 6.42619300e-01 2.78191600e+00 7.30116100e-01 -1.96186000e+00 3.36640769e+00 -8.00618222e-02 4.52192499e-01 9.27903859e-03 7.43786904e+00 -3.29678392e-01 1.52300720e+00 -4.96632862e-03
1.11617100e+10 6.26334000e-01 2.75453900e+00 7.39156200e-01 -1.99823300e+00 3.25432442e+00 -8.80742810e-02 4.63263229e-01 1.15040590e-02 7.01573721e+00 -3.64336570e-01 1.50862205e+00 -3.36363558e-03
1.12532000e+10 6.06098900e-01 2.72515200e+00 7.49616000e-01 -2.03936200e+00 3.13562687e+00 -9.78480260e-02 4.76483507e-01 1.43770716e-02 6.56859042e+00 -4.03550423e-01 1.49548126e+00 -1.54183868e-03
1.13446900e+10 5.80708400e-01 2.69379100e+00 7.61556900e-01 -2.08658600e+00 3.00857153e+00 -1.10054734e-01 4.92501722e-01 1.82069077e-02 6.09216654e+00 -4.48677107e-01 1.48373041e+00 5.74638409e-04
1.14361700e+10 5.48552300e-01 2.66090500e+00 7.74943200e-01 -2.14165700e+00 2.87085699e+00 -1.25543648e-01 5.12250644e-01 2.34633903e-02 5.58146288e+00 -5.00738639e-01 1.47354402e+00 3.05022322e-03
1.15276600e+10 5.07374800e-01 2.62816000e+00 7.89462900e-01 -2.20705400e+00 2.71915465e+00 -1.45748199e-01 5.37171620e-01 3.09987912e-02 5.02957821e+00 -5.61569212e-01 1.46517072e+00 5.99871079e-03
1.16191500e+10 4.54333100e-01 2.60061200e+00 8.04145400e-01 -2.28605000e+00 2.54894818e+00 -1.73052424e-01 5.69467561e-01 4.24189276e-02 4.42881041e+00 -6.33781161e-01 1.45888400e+00 9.57590646e-03
1.17106400e+10 3.86349500e-01 2.59263800e+00 8.16899200e-01 -2.38298100e+00 2.35339540e+00 -2.11442339e-01 6.12799722e-01 6.09874343e-02 3.76873099e+00 -7.20117123e-01 1.45505537e+00 1.39557404e-02
1.18021300e+10 3.02813500e-01 2.64955700e+00 8.23268200e-01 -2.50323900e+00 2.12198093e+00 -2.69010172e-01 6.73306485e-01 9.45046723e-02 3.03569870e+00 -8.25623836e-01 1.45416624e+00 1.94108196e-02
1.18936200e+10 2.19564200e-01 2.91718900e+00 8.15165900e-01 -2.65203500e+00 1.83861317e+00 -3.63292697e-01 7.59868171e-01 1.64414840e-01 2.21261149e+00 -9.56848685e-01 1.45683434e+00 2.62407322e-02
1.19851100e+10 2.12314600e-01 -2.73949600e+00 7.80499500e-01 -2.83167300e+00 1.48234568e+00 -5.39907787e-01 8.64439116e-01 3.38325940e-01 1.27504701e+00 -1.12360633e+00 1.46406240e+00 3.47985849e-02
1.20766000e+10 3.34477700e-01 -2.37251300e+00 7.07139700e-01 -3.03551200e+00 1.08314035e+00 -9.11781024e-01 7.77599310e-01 6.96767770e-01 1.89836548e-01 -1.34266196e+00 1.47754882e+00 4.56969886e-02
1.21680900e+10 5.02539800e-01 -2.36004500e+00 5.94057200e-01 3.04000100e+00 8.42872782e-01 -1.49907808e+00 3.96956491e-01 7.77574728e-01 -1.09035001e+00 -1.64060668e+00 1.50022905e+00 6.03277988e-02
1.22595800e+10 6.54229800e-01 -2.46858500e+00 4.57903900e-01 2.85900400e+00 7.97884934e-01 -2.12616948e+00 2.03862629e-01 6.46295189e-01 -2.63789778e+00 -2.06663106e+00 1.53679203e+00 8.22226939e-02
1.23510700e+10 7.66203800e-01 -2.60163300e+00 3.23348000e-01 2.73775100e+00 8.78805112e-01 -2.77876668e+00 1.25855740e-01 5.33877027e-01 -4.56324267e+00 -2.72181668e+00 1.59412236e+00 1.19450123e-01
1.24425600e+10 8.39438900e-01 -2.72509800e+00 2.08342000e-01 2.71750300e+00 1.11157407e+00 -3.51178697e+00 8.82447969e-02 4.51062104e-01 -7.03424584e+00 -3.84051253e+00 1.68212465e+00 1.91492008e-01
1.25340500e+10 8.84236700e-01 -2.83015200e+00 1.22504800e-01 2.89534400e+00 1.66911546e+00 -4.36118459e+00 6.72082806e-02 3.87814591e-01 -1.01935328e+01 -6.07044019e+00 1.80350940e+00 3.54199612e-01
1.26255400e+10 9.10632500e-01 -2.91713200e+00 7.98575000e-02 -2.81343200e+00 2.92454083e+00 -4.97940241e+00 5.42264402e-02 3.37222637e-01 -1.30343289e+01 -1.07683936e+01 1.83775465e+00 7.16206103e-01
1.27170300e+10 9.25863200e-01 -2.98904800e+00 9.08393200e-02 -2.16777100e+00 4.26084227e+00 -4.53232372e+00 4.56428518e-02 2.95082406e-01 -1.28193336e+01 -1.64223725e+01 1.53188598e+00 1.05043141e+00
1.28085200e+10 9.34401800e-01 -3.04912800e+00 1.23115100e-01 -1.88843500e+00 4.86847737e+00 -3.75858939e+00 3.97552057e-02 2.58747528e-01 -1.13668431e+01 -2.05620073e+01 1.16607304e+00 1.11028299e+00
1.29000100e+10 9.38968300e-01 -3.09999000e+00 1.55219000e-01 -1.78680100e+00 5.11717188e+00 -3.12459893e+00 3.56639196e-02 2.26509445e-01 -9.98988796e+00 -2.41643365e+01 8.90249576e-01 1.04765232e+00
1.29914900e+10 9.41195900e-01 3.13945500e+00 1.83055700e-01 -1.75014100e+00 5.22529334e+00 -2.61648542e+00 3.28790264e-02 1.97106714e-01 -8.61273002e+00 -2.79466458e+01 6.87529400e-01 9.43912904e-01
1.30829800e+10 9.42022300e-01 3.10128700e+00 2.06487000e-01 -1.74047800e+00 5.26676110e+00 -2.18868696e+00 3.12040218e-02 1.69573698e-01 -6.95617408e+00 -3.23388695e+01 5.35487871e-01 8.24808324e-01
1.31744700e+10 9.42048100e-01 3.06753000e+00 2.26090900e-01 -1.74320600e+00 5.26928160e+00 -1.80884945e+00 3.06210549e-02 1.43059670e-01 -4.55165984e+00 -3.78070089e+01 4.20124367e-01 6.98432809e-01
1.32659600e+10 9.41619600e-01 3.03728200e+00 2.42531900e-01 -1.75206400e+00 5.24108680e+00 -1.45279581e+00 3.14433302e-02 1.16655977e-01 -3.20613497e-01 -4.50141355e+01 3.34274538e-01 5.65723363e-01
1.33574500e+10 9.40949100e-01 3.00988500e+00 2.56361900e-01 -1.76406600e+00 5.17546422e+00 -1.10053633e+00 3.47047099e-02 8.93600701e-02 8.84354439e+00 -5.44824055e+01 2.77956988e-01 4.24286051e-01
1.34489400e+10 9.40178100e-01 2.98481600e+00 2.68045700e-01 -1.77763200e+00 5.03828358e+00 -7.42496541e-01 4.34735805e-02 6.07718212e-02 3.11488760e+01 -6.06223466e+01 2.64155094e-01 2.73906686e-01
1.35404300e+10 9.39381300e-01 2.96166900e+00 2.77956900e-01 -1.79196100e+00 4.78298360e+00 -4.46165503e-01 6.17726774e-02 3.66744449e-02 5.40789376e+01 -3.93293705e+01 3.11820575e-01 1.47852431e-01
1.36319200e+10 9.38609600e-01 2.94013200e+00 2.86386800e-01 -1.80658500e+00 4.50369556e+00 -2.90454356e-01 8.20227281e-02 2.38122500e-02 4.96917600e+01 -1.79673001e+01 3.76321768e-01 8.34192659e-02
1.37234100e+10 9.37894200e-01 2.91994900e+00 2.93576700e-01 -1.82123700e+00 4.27262431e+00 -2.12188019e-01 9.82731570e-02 1.72062214e-02 4.18170818e+01 -9.48073730e+00 4.23535234e-01 5.26633332e-02
1.38149000e+10 9.37247600e-01 2.90091800e+00 2.99719100e-01 -1.83578300e+00 4.08324060e+00 -1.66306224e-01 1.11012417e-01 1.32335476e-02 3.60903907e+01 -5.80034330e+00 4.55491228e-01 3.55737031e-02
1.39063900e+10 9.36679300e-01 2.88287700e+00 3.04967600e-01 -1.85013600e+00 3.92342474e+00 -1.36217442e-01 1.21213919e-01 1.05582282e-02 3.20268964e+01 -3.91345090e+00 4.77011904e-01 2.49129636e-02
1.39978800e+10 9.36192600e-01 2.86568700e+00 3.09453000e-01 -1.86425300e+00 3.78489379e+00 -1.14991947e-01 1.29552103e-01 8.62102969e-03 2.90276179e+01 -2.81925105e+00 4.91332299e-01 1.77322331e-02
1.40893700e+10 9.35784400e-01 2.84923800e+00 3.13279900e-01 -1.87812200e+00 3.66227107e+00 -9.92893537e-02 1.36470122e-01 7.15144938e-03 2.67241858e+01 -2.12798238e+00 5.00500644e-01 1.26405159e-02
1.41808600e+10 9.35454200e-01 2.83343900e+00 3.16535400e-01 -1.89173100e+00 3.55194135e+00 -8.72431143e-02 1.42269861e-01 5.99673393e-03 2.48961455e+01 -1.66260565e+00 5.05857376e-01 8.88798153e-03
1.42723500e+10 9.35197600e-01 2.81821100e+00 3.19294700e-01 -1.90508600e+00 3.45133549e+00 -7.77506742e-02 1.47169054e-01 5.06593267e-03 2.34055837e+01 -1.33398823e+00 5.08323658e-01 6.04174007e-03
1.43638400e+10 9.35009400e-01 2.80348800e+00 3.21618500e-01 -1.91819800e+00 3.35859700e+00 -7.01195869e-02 1.51326423e-01 4.30110433e-03 2.21633111e+01 -1.09330742e+00 5.08546061e-01 3.83472989e-03
1.44553200e+10 9.34886300e-01 2.78921600e+00 3.23559600e-01 -1.93107400e+00 3.27235066e+00 -6.38725306e-02 1.54861885e-01 3.66188967e-03 2.11092128e+01 -9.11600290e-01 5.06996285e-01 2.09156661e-03
1.45468100e+10 9.34822800e-01 2.77534400e+00 3.25163400e-01 -1.94372700e+00 3.19151427e+00 -5.86866066e-02 1.57869768e-01 3.12006615e-03 2.02008833e+01 -7.70981679e-01 5.04026725e-01 6.92894690e-04
1.46383000e+10 9.34814300e-01 2.76183500e+00 3.26467500e-01 -1.95617200e+00 3.11527668e+00 -5.43358588e-02 1.60422746e-01 2.65661594e-03 1.94082392e+01 -6.60106492e-01 4.99905590e-01 -4.40614003e-04
1.47297900e+10 9.34857400e-01 2.74865100e+00 3.27505400e-01 -1.96841800e+00 3.04296712e+00 -5.06409157e-02 1.62580323e-01 2.25521876e-03 1.87087794e+01 -5.70999641e-01 4.94840782e-01 -1.37065988e-03
1.48212800e+10 9.34947200e-01 2.73576100e+00 3.28306100e-01 -1.98048000e+00 2.97404847e+00 -4.74788814e-02 1.64390942e-01 1.90499149e-03 1.80855404e+01 -4.98395354e-01 4.88997078e-01 -2.13956104e-03
1.49127700e+10 9.35080300e-01 2.72314000e+00 3.28893600e-01 -1.99236900e+00 2.90809403e+00 -4.47522917e-02 1.65893334e-01 1.59730011e-03 1.75256806e+01 -4.38511070e-01 4.82504897e-01 -2.77900796e-03
1.50042600e+10 9.35253400e-01 2.71076300e+00 3.29290200e-01 -2.00409600e+00 2.84473479e+00 -4.23824379e-02 1.67120733e-01 1.32488095e-03 1.70189538e+01 -3.88524657e-01 4.75470316e-01 -3.31404918e-03
1.50957500e+10 9.35462700e-01 2.69860900e+00 3.29514900e-01 -2.01567200e+00 2.78366607e+00 -4.03122044e-02 1.68100712e-01 1.08232847e-03 1.65572834e+01 -3.46415093e-01 4.67979878e-01 -3.76366920e-03
1.51872400e+10 9.35705800e-01 2.68666000e+00 3.29583900e-01 -2.02710700e+00 2.72463334e+00 -3.84921368e-02 1.68856017e-01 8.65263926e-04 1.61342462e+01 -3.10634580e-01 4.60104040e-01 -4.14210199e-03
1.52787300e+10 9.35979800e-01 2.67489900e+00 3.29512400e-01 -2.03840900e+00 2.66741472e+00 -3.68831254e-02 1.69406577e-01 6.69782145e-04 1.57445315e+01 -2.79968654e-01 4.51902301e-01 -4.46165730e-03
1.53702200e+10 9.36281800e-01 2.66331100e+00 3.29313000e-01 -2.04958800e+00 2.61181885e+00 -3.54563995e-02 1.69769005e-01 4.93124169e-04 1.53838083e+01 -2.53535839e-01 4.43423372e-01 -4.73144667e-03
1.54617100e+10 9.36609900e-01 2.65188400e+00 3.28997200e-01 -2.06065000e+00 2.55768702e+00 -3.41841912e-02 1.69957442e-01 3.32684822e-04 1.50485338e+01 -2.30590727e-01 4.34709316e-01 -4.95895402e-03
1.55532000e+10 9.36961700e-01 2.64060500e+00 3.28575300e-01 -2.07160300e+00 2.50486968e+00 -3.30461886e-02 1.69984295e-01 1.86317081e-04 1.47356580e+01 -2.10558825e-01 4.25794664e-01 -5.15063308e-03
1.56446900e+10 9.37334900e-01 2.62946500e+00 3.28056400e-01 -2.08245500e+00 2.45324568e+00 -3.20263136e-02 1.69860125e-01 5.27597528e-05 1.44426804e+01 -1.93031212e-01 4.16710309e-01 -5.31056101e-03
1.57361800e+10 9.37728000e-01 2.61845200e+00 3.27448400e-01 -2.09320900e+00 2.40269403e+00 -3.11083539e-02 1.69593876e-01 -7.04039037e-05 1.41674133e+01 -1.77547170e-01 4.07480003e-01 -5.44494535e-03
1.58276700e+10 9.38138900e-01 2.60755800e+00 3.26759000e-01 -2.10387200e+00 2.35311576e+00 -3.02812625e-02 1.69193607e-01 -1.84127612e-04 1.39080073e+01 -1.63838426e-01 3.98126568e-01 -5.55666961e-03
1.59191600e+10 9.38565900e-01 2.59677600e+00 3.25994400e-01 -2.11445000e+00 2.30442307e+00 -2.95356971e-02 1.68665893e-01 -2.89260584e-04 1.36629102e+01 -1.51681856e-01 3.88669033e-01 -5.64824350e-03
1.60106400e+10 9.39007600e-01 2.58609700e+00 3.25160800e-01 -2.12494400e+00 2.25652786e+00 -2.88624686e-02 1.68016607e-01 -3.87695569e-04 1.34307107e+01 -1.40792282e-01 3.79122966e-01 -5.72421991e-03
1.61021300e+10 9.39462300e-01 2.57551600e+00 3.24263500e-01 -2.13536200e+00 2.20935934e+00 -2.82554753e-02 1.67250748e-01 -4.79475853e-04 1.32102380e+01 -1.31069579e-01 3.69503455e-01 -5.78508384e-03
1.61936200e+10 9.39928700e-01 2.56502700e+00 3.23307400e-01 -2.14570500e+00 2.16284957e+00 -2.77088415e-02 1.66372555e-01 -5.65872841e-04 1.30004543e+01 -1.22329296e-01 3.59823129e-01 -5.83388858e-03
1.62851100e+10 9.40405600e-01 2.55462400e+00 3.22297000e-01 -2.15597700e+00 2.11693206e+00 -2.72174370e-02 1.65385589e-01 -6.47632951e-04 1.28004271e+01 -1.14444425e-01 3.50092429e-01 -5.87236680e-03
1.63766000e+10 9.40891600e-01 2.54430200e+00 3.21236600e-01 -2.16618200e+00 2.07154691e+00 -2.67777378e-02 1.64292961e-01 -7.25313664e-04 1.26093336e+01 -1.07320580e-01 3.40321153e-01 -5.90191512e-03
1.64680900e+10 9.41385800e-01 2.53405600e+00 3.20129800e-01 -2.17632200e+00 2.02663680e+00 -2.63860841e-02 1.63096965e-01 -7.99744618e-04 1.24264572e+01 -1.00848547e-01 3.30517208e-01 -5.92428210e-03
1.65595800e+10 9.41887200e-01 2.52388300e+00 3.18980100e-01 -2.18640000e+00 1.98215354e+00 -2.60392672e-02 1.61799632e-01 -8.71246852e-04 1.22511792e+01 -9.49660131e-02 3.20689027e-01 -5.94008888e-03
1.66510700e+10 9.42394700e-01 2.51377800e+00 3.17790900e-01 -2.19642000e+00 1.93804157e+00 -2.57352866e-02 1.60402446e-01 -9.40312358e-04 1.20828945e+01 -8.96095534e-02 3.10842410e-01 -5.95036735e-03
1.67425600e+10 9.42907800e-01 2.50373900e+00 3.16564900e-01 -2.20638300e+00 1.89425913e+00 -2.54709436e-02 1.58906389e-01 -1.00735609e-03 1.19211347e+01 -8.47172728e-02 3.00984221e-01 -5.95568915e-03
1.68340500e+10 9.43425700e-01 2.49376100e+00 3.15305000e-01 -2.21629200e+00 1.85075193e+00 -2.52448179e-02 1.57311940e-01 -1.07298692e-03 1.17654007e+01 -8.02272022e-02 2.91118289e-01 -5.95714388e-03
1.69255400e+10 9.43947700e-01 2.48384200e+00 3.14013700e-01 -2.22615000e+00 1.80747776e+00 -2.50549551e-02 1.55619319e-01 -1.13730848e-03 1.16152951e+01 -7.61138237e-02 2.81249963e-01 -5.95469483e-03
1.70170300e+10 9.44473300e-01 2.47397800e+00 3.12693100e-01 -2.23596000e+00 1.76438537e+00 -2.49001301e-02 1.53827913e-01 -1.20074834e-03 1.14704295e+01 -7.23342772e-02 2.71381822e-01 -5.94891786e-03
1.71085200e+10 9.45002000e-01 2.46416800e+00 3.11345500e-01 -2.24572200e+00 1.72143716e+00 -2.47790611e-02 1.51937294e-01 -1.26369327e-03 1.13304911e+01 -6.88494275e-02 2.61519190e-01 -5.94023203e-03
1.72000100e+10 9.45533400e-01 2.45440900e+00 3.09972800e-01 -2.25544100e+00 1.67858329e+00 -2.46896578e-02 1.49946086e-01 -1.32607274e-03 1.11951595e+01 -6.56506763e-02 2.51664255e-01 -5.92804112e-03
1.72915000e+10 9.46067300e-01 2.44469700e+00 3.08576500e-01 -2.26511700e+00 1.63576996e+00 -2.46325992e-02 1.47852137e-01 -1.38878104e-03 1.10641418e+01 -6.26770032e-02 2.41817875e-01 -5.91370874e-03
1.73829900e+10 9.46603100e-01 2.43503200e+00 3.07158500e-01 -2.27475400e+00 1.59295745e+00 -2.46060695e-02 1.45653726e-01 -1.45144150e-03 1.09372036e+01 -5.99460001e-02 2.31984474e-01 -5.89605026e-03
1.74744700e+10 9.47140600e-01 2.42541100e+00 3.05720000e-01 -2.28435400e+00 1.55008988e+00 -2.46103012e-02 1.43347659e-01 -1.51450109e-03 1.08141065e+01 -5.74290862e-02 2.22164484e-01 -5.87544189e-03
1.75659600e+10 9.47679600e-01 2.41583100e+00 3.04262300e-01 -2.29391700e+00 1.50711154e+00 -2.46469453e-02 1.40930462e-01 -1.57874055e-03 1.06946254e+01 -5.50832412e-02 2.12359014e-01 -5.85284349e-03
1.76574500e+10 9.48219600e-01 2.40629100e+00 3.02786700e-01 -2.30344700e+00 1.46396802e+00 -2.47159767e-02 1.38398196e-01 -1.64404587e-03 1.05785702e+01 -5.29220921e-02 2.02569899e-01 -5.82747717e-03
1.77489400e+10 9.48760600e-01 2.39678900e+00 3.01294100e-01 -2.31294400e+00 1.42059769e+00 -2.48191023e-02 1.35745872e-01 -1.71108680e-03 1.04657681e+01 -5.09132588e-02 1.92797805e-01 -5.79985664e-03
1.78404300e+10 9.49302200e-01 2.38732400e+00 2.99785600e-01 -2.32241000e+00 1.37693784e+00 -2.49581875e-02 1.32968080e-01 -1.78015724e-03 1.03560582e+01 -4.90551988e-02 1.83044352e-01 -5.76980814e-03
1.79319200e+10 9.49844000e-01 2.37789200e+00 2.98261900e-01 -2.33184700e+00 1.33290448e+00 -2.51387911e-02 1.30057438e-01 -1.85221209e-03 1.02492572e+01 -4.73251905e-02 1.73307579e-01 -5.73830854e-03
1.80234100e+10 9.50386000e-01 2.36849400e+00 2.96724000e-01 -2.34125500e+00 1.28843017e+00 -2.53624110e-02 1.27006946e-01 -1.92758644e-03 1.01452585e+01 -4.57183518e-02 1.63590693e-01 -5.70476289e-03
1.81149000e+10 9.50927700e-01 2.35912600e+00 2.95172500e-01 -2.35063600e+00 1.24341267e+00 -2.56375146e-02 1.23806669e-01 -2.00751239e-03 1.00438970e+01 -4.42162526e-02 1.53891313e-01 -5.67026162e-03
1.82063900e+10 9.51468800e-01 2.34978900e+00 2.93608200e-01 -2.35999100e+00 1.19776247e+00 -2.59690039e-02 1.20446700e-01 -2.09254596e-03 9.94508018e+00 -4.28277948e-02 1.44212197e-01 -5.63425385e-03
1.82978800e+10 9.52009200e-01 2.34048000e+00 2.92031800e-01 -2.36932000e+00 1.15135575e+00 -2.63674715e-02 1.16913864e-01 -2.18434076e-03 9.84867332e+00 -4.15229877e-02 1.34551854e-01 -5.59767625e-03
1.83893700e+10 9.52548400e-01 2.33119800e+00 2.90443900e-01 -2.37862400e+00 1.10405904e+00 -2.68456762e-02 1.13193188e-01 -2.28445556e-03 9.75457207e+00 -4.03009215e-02 1.24910635e-01 -5.56092149e-03
1.84808600e+10 9.53086300e-01 2.32194300e+00 2.88845000e-01 -2.38790500e+00 1.05571886e+00 -2.74154818e-02 1.09266905e-01 -2.39431326e-03 9.66269377e+00 -3.91698292e-02 1.15289492e-01 -5.52332652e-03
1.85723500e+10 9.53622600e-01 2.31271200e+00 2.87235800e-01 -2.39716200e+00 1.00613685e+00 -2.81009689e-02 1.05112418e-01 -2.51713833e-03 9.57291986e+00 -3.80983095e-02 1.05686743e-01 -5.48634642e-03
1.86638400e+10 9.54157100e-01 2.30350500e+00 2.85617000e-01 -2.40639600e+00 9.55087995e-01 -2.89269328e-02 1.00703126e-01 -2.65592616e-03 9.48517233e+00 -3.70893690e-02 9.61035186e-02 -5.44967574e-03
1.87553300e+10 9.54689500e-01 2.29432100e+00 2.83988900e-01 -2.41560800e+00 9.02284016e-01 -2.99307290e-02 9.60048882e-02 -2.81517863e-03 9.39937309e+00 -3.61420632e-02 8.65394157e-02 -5.41358698e-03
1.88468200e+10 9.55219700e-01 2.28515800e+00 2.82352200e-01 -2.42479900e+00 8.47352890e-01 -3.11647069e-02 9.09736706e-02 -3.00129454e-03 9.31542790e+00 -3.52449673e-02 7.69932682e-02 -5.37832339e-03
1.89383100e+10 9.55747600e-01 2.27601700e+00 2.80707500e-01 -2.43396900e+00 7.89827884e-01 -3.27026445e-02 8.55533802e-02 -3.22307176e-03 9.23328521e+00 -3.44007885e-02 6.74670423e-02 -5.34349373e-03
1.90297900e+10 9.56273000e-01 2.26689700e+00 2.79055000e-01 -2.44311900e+00 7.29054683e-01 -3.46635645e-02 7.96658677e-02 -3.49465168e-03 9.15288007e+00 -3.36083301e-02 5.79596368e-02 -5.30929512e-03
1.91212800e+10 9.56795900e-01 2.25779500e+00 2.77395300e-01 -2.45224900e+00 6.64100886e-01 -3.72471041e-02 7.32001621e-02 -3.83981193e-03 9.07411926e+00 -3.28440910e-02 4.84692706e-02 -5.27651656e-03
1.92127700e+10 9.57316200e-01 2.24871300e+00 2.75728900e-01 -2.46136200e+00 5.93599583e-01 -4.07926919e-02 6.59930738e-02 -4.29832648e-03 8.99697015e+00 -3.21363549e-02 3.89981208e-02 -5.24351994e-03
1.93042600e+10 9.57833900e-01 2.23964800e+00 2.74056000e-01 -2.47045800e+00 5.15284299e-01 -4.60142012e-02 5.77759947e-02 -4.95399668e-03 8.92135517e+00 -3.14635387e-02 2.95431087e-02 -5.21123295e-03
1.93957500e+10 9.58349000e-01 2.23060100e+00 2.72377000e-01 -2.47953700e+00 4.25093547e-01 -5.46250948e-02 4.80690866e-02 -6.00675465e-03 8.84723960e+00 -3.08284864e-02 2.01057390e-02 -5.17921105e-03
1.94872400e+10 9.58861500e-01 2.22157000e+00 2.70692200e-01 -2.48860100e+00 3.14364646e-01 -7.23505756e-02 3.58548169e-02 -8.12197635e-03 8.77455767e+00 -3.02281755e-02 1.06838572e-02 -5.14737886e-03
1.95787300e+10 9.59371500e-01 2.21255400e+00 2.69001800e-01 -2.49765100e+00 1.68587455e-01 -1.32156844e-01 1.94221297e-02 -1.51185638e-02 8.70326067e+00 -2.96590724e-02 1.27630576e-03 -5.11556755e-03
1.96702200e+10 9.59879000e-01 2.20355400e+00 2.67306000e-01 -2.50668800e+00 7.89322721e-02 -2.76486611e-01 9.25070023e-03 -3.19943037e-02 8.63332230e+00 -2.91303260e-02 -8.11581782e-03 -5.08307784e-03
1.97617100e+10 9.60383900e-01 2.19456700e+00 2.65605000e-01 -2.51571300e+00 5.46576547e-02 -3.91125371e-01 6.53433418e-03 -4.56454342e-02 8.56467477e+00 -2.86292028e-02 -1.74959360e-02 -5.05061626e-03
1.98532000e+10 9.60886500e-01 2.18559500e+00 2.63898900e-01 -2.52472600e+00 4.36301448e-02 -4.79895422e-01 5.32169895e-03 -5.64585218e-02 8.49730983e+00 -2.81619133e-02 -2.68619996e-02 -5.01715245e-03
1.99446900e+10 9.61386600e-01 2.17663400e+00 2.62187700e-01 -2.53372900e+00 3.70180946e-02 -5.53964115e-01 4.60658860e-03 -6.56892665e-02 8.43115564e+00 -2.77179365e-02 -3.62189693e-02 -4.98357626e-03
2.00361800e+10 9.61884200e-01 2.16768600e+00 2.60471500e-01 -2.54272200e+00 3.24734790e-02 -6.18379876e-01 4.12271203e-03 -7.39005717e-02 8.36620454e+00 -2.73065962e-02 -4.55647476e-02 -4.94921082e-03
2.01276700e+10 9.62379400e-01 2.15874900e+00 2.58750400e-01 -2.55170600e+00 2.90899786e-02 -6.75867747e-01 3.76771134e-03 -8.13940072e-02 8.30240879e+00 -2.69196862e-02 -5.49019816e-02 -4.91422450e-03
2.02191600e+10 9.62872100e-01 2.14982300e+00 2.57024400e-01 -2.56068100e+00 2.64357038e-02 -7.28062852e-01 3.49306787e-03 -8.83486306e-02 8.23974386e+00 -2.65570698e-02 -6.42310142e-02 -4.87873118e-03
2.03106500e+10 9.63362200e-01 2.14090600e+00 2.55293400e-01 -2.56964900e+00 2.42750017e-02 -7.76054183e-01 3.27245870e-03 -9.48829218e-02 8.17816704e+00 -2.62187563e-02 -7.35548494e-02 -4.84288835e-03
2.04021400e+10 9.63849600e-01 2.13199800e+00 2.53557500e-01 -2.57860800e+00 2.24709521e-02 -8.20590571e-01 3.09058186e-03 -1.01077280e-01 8.11765553e+00 -2.58943136e-02 -8.28736147e-02 -4.80740506e-03
2.04936300e+10 9.64334300e-01 2.12309900e+00 2.51816800e-01 -2.58756100e+00 2.09274438e-02 -8.62222253e-01 2.93690688e-03 -1.06990241e-01 8.05818425e+00 -2.55975965e-02 -9.21879047e-02 -4.77129872e-03
2.05851100e+10 9.64816200e-01 2.11420800e+00 2.50071100e-01 -2.59650600e+00 1.95894876e-02 -9.01374229e-01 2.80528905e-03 -1.12666722e-01 7.99972874e+00 -2.53141636e-02 -1.01499926e-01 -4.73569862e-03
2.06766000e+10 9.65295200e-01 2.10532400e+00 2.48320600e-01 -2.60544500e+00 1.84125580e-02 -9.38371207e-01 2.69090037e-03 -1.18140751e-01 7.94225357e+00 -2.50485544e-02 -1.10810333e-01 -4.70033686e-03
2.07680900e+10 9.65771200e-01 2.09644600e+00 2.46565300e-01 -2.61437700e+00 1.73689307e-02 -9.73478944e-01 2.59065017e-03 -1.23439999e-01 7.88573174e+00 -2.47913287e-02 -1.20121243e-01 -4.66596418e-03
2.08595800e+10 9.66244000e-01 2.08757500e+00 2.44805200e-01 -2.62330300e+00 1.64329201e-02 -1.00690447e+00 2.50188244e-03 -1.28585354e-01 7.83015333e+00 -2.45533641e-02 -1.29432054e-01 -4.63218946e-03
2.09510700e+10 9.66713700e-01 2.07871000e+00 2.43040500e-01 -2.63222200e+00 1.55888810e-02 -1.03882602e+00 2.42278278e-03 -1.33595075e-01 7.77548937e+00 -2.43230576e-02 -1.38744271e-01 -4.59944751e-03
2.10425600e+10 9.67180000e-01 2.06985000e+00 2.41271000e-01 -2.64113500e+00 1.48239959e-02 -1.06939562e+00 2.35205754e-03 -1.38484619e-01 7.72171627e+00 -2.41032186e-02 -1.48059978e-01 -4.56817546e-03
2.11340500e+10 9.67643000e-01 2.06099400e+00 2.39497000e-01 -2.65004200e+00 1.41276393e-02 -1.09874011e+00 2.28847616e-03 -1.43266850e-01 7.66880439e+00 -2.38871501e-02 -1.57380704e-01 -4.53846293e-03
2.12255400e+10 9.68102700e-01 2.05214300e+00 2.37718600e-01 -2.65894400e+00 1.34878571e-02 -1.12696263e+00 2.23085365e-03 -1.47951617e-01 7.61674539e+00 -2.36833314e-02 -1.66705853e-01 -4.50963895e-03
2.13170300e+10 9.68558900e-01 2.04329600e+00 2.35935600e-01 -2.66784100e+00 1.28995082e-02 -1.15416077e+00 2.17866451e-03 -1.52548638e-01 7.56551882e+00 -2.34890277e-02 -1.76037550e-01 -4.48233151e-03
2.14085200e+10 9.69011800e-01 2.03445200e+00 2.34148300e-01 -2.67673300e+00 1.23567779e-02 -1.18041771e+00 2.13116876e-03 -1.57066232e-01 7.51509759e+00 -2.32969445e-02 -1.85377428e-01 -4.45650189e-03
2.15000100e+10 9.69461300e-01 2.02561200e+00 2.32356700e-01 -2.68562100e+00 1.18522545e-02 -1.20580183e+00 2.08771674e-03 -1.61510604e-01 7.46547618e+00 -2.31164087e-02 -1.94725037e-01 -4.43163743e-03
2.15915000e+10 9.69907500e-01 2.01677400e+00 2.30560800e-01 -2.69450600e+00 1.13825830e-02 -1.23038335e+00 2.04788020e-03 -1.65888989e-01 7.41662466e+00 -2.29417020e-02 -2.04083739e-01 -4.40792287e-03
2.16829900e+10 9.70350500e-01 2.00793800e+00 2.28760600e-01 -2.70338900e+00 1.09425458e-02 -1.25421899e+00 2.01113946e-03 -1.70206679e-01 7.36853095e+00 -2.27758249e-02 -2.13454443e-01 -4.38490369e-03
2.17744800e+10 9.70790300e-01 1.99910400e+00 2.26956100e-01 -2.71227000e+00 1.05291126e-02 -1.27735946e+00 1.97718029e-03 -1.74468344e-01 7.32118341e+00 -2.26183552e-02 -2.22837972e-01 -4.36256679e-03
2.18659700e+10 9.71227000e-01 1.99027200e+00 2.25147300e-01 -2.72114900e+00 1.01393791e-02 -1.29985070e+00 1.94567156e-03 -1.78678159e-01 7.27457118e+00 -2.24680353e-02 -2.32235203e-01 -4.34076814e-03
2.19574600e+10 9.71660700e-01 1.98144000e+00 2.23334000e-01 -2.73002900e+00 9.76964637e-03 -1.32174140e+00 1.91627523e-03 -1.82841199e-01 7.22866958e+00 -2.23279772e-02 -2.41650062e-01 -4.31911418e-03
2.20489400e+10 9.72091500e-01 1.97260900e+00 2.21516300e-01 -2.73890900e+00 9.41770802e-03 -1.34306730e+00 1.88872487e-03 -1.86960376e-01 7.18347603e+00 -2.21966916e-02 -2.51082579e-01 -4.29742284e-03
2.21404300e+10 9.72519500e-01 1.96377800e+00 2.19694000e-01 -2.74779200e+00 9.07934797e-03 -1.36386396e+00 1.86269057e-03 -1.91039044e-01 7.13897431e+00 -2.20810995e-02 -2.60534356e-01 -4.27496650e-03
2.22319200e+10 9.72944700e-01 1.95494600e+00 2.17867000e-01 -2.75667600e+00 8.75680540e-03 -1.38416721e+00 1.83823246e-03 -1.95080702e-01 7.09514993e+00 -2.19690081e-02 -2.70008213e-01 -4.25270484e-03
2.23234100e+10 9.73367200e-01 1.94611200e+00 2.16035100e-01 -2.76556400e+00 8.44624057e-03 -1.40400992e+00 1.81505846e-03 -1.99088557e-01 7.05198859e+00 -2.18673090e-02 -2.79506978e-01 -4.22990993e-03
2.24149000e+10 9.73787100e-01 1.93727700e+00 2.14198100e-01 -2.77445600e+00 8.14528306e-03 -1.42341737e+00 1.79296726e-03 -2.03064361e-01 7.00949351e+00 -2.17788550e-02 -2.89030735e-01 -4.20615744e-03
2.25063900e+10 9.74204300e-01 1.92844000e+00 2.12355900e-01 -2.78335200e+00 7.85442332e-03 -1.44241710e+00 1.77198872e-03 -2.07010785e-01 6.96764974e+00 -2.17001901e-02 -2.98581978e-01 -4.18189716e-03
2.25978800e+10 9.74619000e-01 1.91960000e+00 2.10508200e-01 -2.79225400e+00 7.57128721e-03 -1.46103637e+00 1.75189762e-03 -2.10930441e-01 6.92644677e+00 -2.16333801e-02 -3.08163782e-01 -4.15660109e-03
2.26893700e+10 9.75031100e-01 1.91075600e+00 2.08654900e-01 -2.80116200e+00 7.29652013e-03 -1.47929908e+00 1.73273624e-03 -2.14825658e-01 6.88587068e+00 -2.15750651e-02 -3.17778755e-01 -4.13071486e-03
2.27808600e+10 9.75440600e-01 1.90190800e+00 2.06795800e-01 -2.81007600e+00 7.02949590e-03 -1.49722607e+00 1.71445100e-03 -2.18698093e-01 6.84591780e+00 -2.15250837e-02 -3.27428435e-01 -4.10425809e-03
2.28723500e+10 9.75847400e-01 1.89305600e+00 2.04930600e-01 -2.81899600e+00 6.76990855e-03 -1.51483744e+00 1.69706294e-03 -2.22549303e-01 6.80658605e+00 -2.14842119e-02 -3.37114529e-01 -4.07741292e-03
2.29638400e+10 9.76251500e-01 1.88419800e+00 2.03059200e-01 -2.82792300e+00 6.51824595e-03 -1.53215553e+00 1.68056051e-03 -2.26381839e-01 6.76785514e+00 -2.14484703e-02 -3.46841233e-01 -4.05049259e-03
2.30553300e+10 9.76652700e-01 1.87533500e+00 2.01181400e-01 -2.83685700e+00 6.27333436e-03 -1.54919546e+00 1.66496939e-03 -2.30196455e-01 6.72972916e+00 -2.14228264e-02 -3.56608859e-01 -4.02346235e-03
2.31468200e+10 9.77051200e-01 1.86646600e+00 1.99296900e-01 -2.84579800e+00 6.03540405e-03 -1.56597668e+00 1.65019162e-03 -2.33994981e-01 6.69220064e+00 -2.14022084e-02 -3.66420724e-01 -3.99641585e-03
2.32383100e+10 9.77446600e-01 1.85758900e+00 1.97405700e-01 -2.85474700e+00 5.80578931e-03 -1.58251744e+00 1.63643441e-03 -2.37779650e-01 6.65524758e+00 -2.13857109e-02 -3.76280943e-01 -3.97018455e-03
2.33298000e+10 9.77839000e-01 1.84870600e+00 1.95507500e-01 -2.86370200e+00 5.58389535e-03 -1.59882928e+00 1.62361197e-03 -2.41550415e-01 6.61888566e+00 -2.13727913e-02 -3.86188809e-01 -3.94467059e-03
2.34212900e+10 9.78228300e-01 1.83981500e+00 1.93602200e-01 -2.87266500e+00 5.36941867e-03 -1.61492996e+00 1.61173178e-03 -2.45309426e-01 6.58309610e+00 -2.13639018e-02 -3.96148888e-01 -3.92000295e-03
2.35127800e+10 9.78614300e-01 1.83091600e+00 1.91689700e-01 -2.88163600e+00 5.16229463e-03 -1.63083244e+00 1.60086099e-03 -2.49057617e-01 6.54787541e+00 -2.13602929e-02 -4.06162978e-01 -3.89644484e-03
2.36042600e+10 9.78997000e-01 1.82200800e+00 1.89769900e-01 -2.89061400e+00 4.96417996e-03 -1.64655247e+00 1.59102686e-03 -2.52796601e-01 6.51321451e+00 -2.13551894e-02 -4.16234970e-01 -3.87463703e-03
2.36957500e+10 9.79376200e-01 1.81309000e+00 1.87842600e-01 -2.89959900e+00 4.77606613e-03 -1.66210163e+00 1.58233862e-03 -2.56527397e-01 6.47910466e+00 -2.13469260e-02 -4.26367049e-01 -3.85519941e-03
2.37872400e+10 9.79752000e-01 1.80416400e+00 1.85907800e-01 -2.90859200e+00 4.59419267e-03 -1.67748907e+00 1.57457875e-03 -2.60249892e-01 6.44555679e+00 -2.13442704e-02 -4.36559114e-01 -3.83697678e-03
2.38787300e+10 9.80124200e-01 1.79522700e+00 1.83965400e-01 -2.91759200e+00 4.42264403e-03 -1.69273109e+00 1.56795131e-03 -2.63966474e-01 6.41254783e+00 -2.13357351e-02 -4.46817324e-01 -3.82154969e-03
2.39702200e+10 9.80492800e-01 1.78628000e+00 1.82015200e-01 -2.92660100e+00 4.25795724e-03 -1.70783762e+00 1.56232465e-03 -2.67677365e-01 6.38008481e+00 -2.13309278e-02 -4.57142822e-01 -3.80795559e-03
2.40617100e+10 9.80857700e-01 1.77732200e+00 1.80057300e-01 -2.93561800e+00 4.10191880e-03 -1.72281969e+00 1.55775700e-03 -2.71383745e-01 6.34815645e+00 -2.13239239e-02 -4.67538870e-01 -3.79692851e-03
2.41532000e+10 9.81218900e-01 1.76835300e+00 1.78091400e-01 -2.94464400e+00 3.95320559e-03 -1.73768887e+00 1.55419825e-03 -2.75086319e-01 6.31676538e+00 -2.13180362e-02 -4.78008291e-01 -3.78818578e-03
2.42446900e+10 9.81576600e-01 1.75937100e+00 1.76117600e-01 -2.95367900e+00 3.81310243e-03 -1.75245754e+00 1.55153419e-03 -2.78786790e-01 6.28589498e+00 -2.13054519e-02 -4.88556095e-01 -3.78204037e-03
2.43361800e+10 9.81930500e-01 1.75037800e+00 1.74135700e-01 -2.96272500e+00 3.67779233e-03 -1.76713276e+00 1.54979478e-03 -2.82484691e-01 6.25555936e+00 -2.13004143e-02 -4.99182252e-01 -3.77761317e-03
2.44276700e+10 9.82280800e-01 1.74137200e+00 1.72145600e-01 -2.97178100e+00 3.54966935e-03 -1.78172756e+00 1.54891661e-03 -2.86181688e-01 6.22574629e+00 -2.12923914e-02 -5.09892302e-01 -3.77559779e-03
2.45191600e+10 9.82627500e-01 1.73235300e+00 1.70147200e-01 -2.98084900e+00 3.42646200e-03 -1.79625156e+00 1.54881350e-03 -2.89878364e-01 6.19645620e+00 -2.12871804e-02 -5.20689156e-01 -3.77531586e-03
2.46106500e+10 9.82970700e-01 1.72332000e+00 1.68140300e-01 -2.98992900e+00 3.30878552e-03 -1.81071634e+00 1.54943301e-03 -2.93575817e-01 6.16768567e+00 -2.12811474e-02 -5.31577402e-01 -3.77696307e-03
2.47021400e+10 9.83310400e-01 1.71427400e+00 1.66124900e-01 -2.99902200e+00 3.19442309e-03 -1.82512921e+00 1.55068672e-03 -2.97274003e-01 6.13944101e+00 -2.12797839e-02 -5.42558512e-01 -3.77982255e-03
2.47936300e+10 9.83646700e-01 1.70521200e+00 1.64100700e-01 -3.00813100e+00 3.08305885e-03 -1.83950514e+00 1.55251148e-03 -3.00975149e-01 6.11170756e+00 -2.12822796e-02 -5.53640547e-01 -3.78377694e-03
2.48851200e+10 9.83979600e-01 1.69613500e+00 1.62067600e-01 -3.01725500e+00 2.97452408e-03 -1.85385178e+00 1.55488002e-03 -3.04679157e-01 6.08449458e+00 -2.12884106e-02 -5.64825374e-01 -3.78879259e-03
2.49766100e+10 9.84309300e-01 1.68704200e+00 1.60025200e-01 -3.02639600e+00 2.86746185e-03 -1.86818177e+00 1.55765968e-03 -3.08387111e-01 6.05780374e+00 -2.12996411e-02 -5.76118714e-01 -3.79427970e-03
2.50680900e+10 9.84635800e-01 1.67793300e+00 1.57973600e-01 -3.03555500e+00 2.76072487e-03 -1.88250431e+00 1.56078684e-03 -3.12099630e-01 6.03163495e+00 -2.13181015e-02 -5.87524591e-01 -3.79980917e-03
2.51595800e+10 9.84959100e-01 1.66880600e+00 1.55912300e-01 -3.04473400e+00 2.65427049e-03 -1.89683134e+00 1.56427448e-03 -3.15817950e-01 6.00598526e+00 -2.13437488e-02 -5.99049232e-01 -3.80543112e-03
2.52510700e+10 9.85279400e-01 1.65966200e+00 1.53841100e-01 -3.05393300e+00 2.54679222e-03 -1.91117280e+00 1.56797472e-03 -3.19542134e-01 5.98086789e+00 -2.13776422e-02 -6.10696242e-01 -3.81047806e-03
2.53425600e+10 9.85596600e-01 1.65049900e+00 1.51759800e-01 -3.06315600e+00 2.43643665e-03 -1.92554133e+00 1.57189434e-03 -3.23273761e-01 5.95627572e+00 -2.14251828e-02 -6.22473158e-01 -3.81438356e-03
2.54340500e+10 9.85911000e-01 1.64131600e+00 1.49668000e-01 -3.07240100e+00 2.32565007e-03 -1.93994974e+00 1.57591981e-03 -3.27013795e-01 5.93221424e+00 -2.14762923e-02 -6.34386661e-01 -3.81772488e-03
2.55255400e+10 9.86222200e-01 1.63211400e+00 1.47565500e-01 -3.08167200e+00 2.21016327e-03 -1.95440678e+00 1.58017526e-03 -3.30762116e-01 5.90869583e+00 -2.15460337e-02 -6.46440229e-01 -3.81934352e-03
2.56170300e+10 9.86530700e-01 1.62289100e+00 1.45451900e-01 -3.09096800e+00 2.09217339e-03 -1.96892717e+00 1.58442993e-03 -3.34520241e-01 5.88572130e+00 -2.16230253e-02 -6.58642677e-01 -3.81950150e-03
2.57085200e+10 9.86836200e-01 1.61364600e+00 1.43326900e-01 -3.10029200e+00 1.97015070e-03 -1.98352328e+00 1.58881265e-03 -3.38289151e-01 5.86329408e+00 -2.17137471e-02 -6.71001276e-01 -3.81792747e-03
2.58000100e+10 9.87138700e-01 1.60437800e+00 1.41190100e-01 -3.10964500e+00 1.84409389e-03 -1.99820862e+00 1.59332225e-03 -3.42069809e-01 5.84142127e+00 -2.18176885e-02 -6.83523904e-01 -3.81459909e-03
2.58915000e+10 9.87438300e-01 1.59508700e+00 1.39041300e-01 -3.11902800e+00 1.71292985e-03 -2.01299466e+00 1.59786770e-03 -3.45862592e-01 5.82011370e+00 -2.19360000e-02 -6.96216814e-01 -3.80893750e-03
2.59829900e+10 9.87734800e-01 1.58577200e+00 1.36879900e-01 -3.12844100e+00 1.57785519e-03 -2.02789678e+00 1.60258811e-03 -3.49668456e-01 5.79938331e+00 -2.20670964e-02 -7.09089006e-01 -3.80160944e-03
2.60744800e+10 9.88028200e-01 1.57643200e+00 1.34705800e-01 -3.13788600e+00 1.43788903e-03 -2.04292765e+00 1.60743877e-03 -3.53488333e-01 5.77923445e+00 -2.22125478e-02 -7.22148779e-01 -3.79215811e-03
2.61659700e+10 9.88318400e-01 1.56706600e+00 1.32518500e-01 3.13582000e+00 1.29195767e-03 -2.05810305e+00 1.61246016e-03 -3.57323188e-01 5.75967930e+00 -2.23755300e-02 -7.35405858e-01 -3.78025560e-03
2.62574600e+10 9.88605400e-01 1.55767200e+00 1.30317700e-01 3.12630900e+00 1.14425071e-03 -2.07343895e+00 1.61768930e-03 -3.61174487e-01 5.74072244e+00 -2.25443790e-02 -7.48871399e-01 -3.76745416e-03
2.63489500e+10 9.88888700e-01 1.54825100e+00 1.28103000e-01 3.11676200e+00 9.90447195e-04 -2.08894908e+00 1.62333468e-03 -3.65042067e-01 5.72238754e+00 -2.27341003e-02 -7.62552685e-01 -3.75261839e-03
2.64404400e+10 9.89168600e-01 1.53880100e+00 1.25874100e-01 3.10718100e+00 8.33811694e-04 -2.10465100e+00 1.62924688e-03 -3.68927405e-01 5.70468229e+00 -2.29327613e-02 -7.76462073e-01 -3.73661206e-03
2.65319300e+10 9.89444700e-01 1.52932100e+00 1.23630800e-01 3.09756300e+00 6.72884230e-04 -2.12056059e+00 1.63560057e-03 -3.72831443e-01 5.68761775e+00 -2.31466170e-02 -7.90610565e-01 -3.71926252e-03
2.66234100e+10 9.89716800e-01 1.51981000e+00 1.21372500e-01 3.08791000e+00 5.10541568e-04 -2.13669873e+00 1.64253511e-03 -3.76755311e-01 5.67121493e+00 -2.33696190e-02 -8.05011756e-01 -3.70195194e-03
2.67149000e+10 9.89984800e-01 1.51026800e+00 1.19099200e-01 3.07821900e+00 3.44074798e-04 -2.15307853e+00 1.65002568e-03 -3.80698983e-01 5.65549076e+00 -2.36082327e-02 -8.19674241e-01 -3.68362380e-03
2.68063900e+10 9.90248400e-01 1.50069300e+00 1.16810400e-01 3.06849100e+00 1.76400302e-04 -2.16972301e+00 1.65825679e-03 -3.84664167e-01 5.64046156e+00 -2.38570009e-02 -8.34614400e-01 -3.66581278e-03
2.68978800e+10 9.90507600e-01 1.49108400e+00 1.14505900e-01 3.05872600e+00 8.28287771e-06 -2.18665214e+00 1.66719381e-03 -3.88651800e-01 5.62614643e+00 -2.41130843e-02 -8.49846275e-01 -3.64879206e-03
2.69893700e+10 9.90761800e-01 1.48144000e+00 1.12185400e-01 3.04892200e+00 -1.60710119e-04 -2.20388737e+00 1.67713945e-03 -3.92662844e-01 5.61256689e+00 -2.43816486e-02 -8.65384951e-01 -3.63312156e-03
2.70808600e+10 9.91011200e-01 1.47176000e+00 1.09848800e-01 3.03908000e+00 -3.29155771e-04 -2.22145057e+00 1.68794080e-03 -3.96698237e-01 5.59974494e+00 -2.46565092e-02 -8.81246079e-01 -3.61910154e-03
2.71723500e+10 9.91255200e-01 1.46204300e+00 1.07495600e-01 3.02919800e+00 -4.97498615e-04 -2.23936760e+00 1.69991242e-03 -4.00758969e-01 5.58771075e+00 -2.49429665e-02 -8.97447496e-01 -3.60735177e-03
2.72638400e+10 9.91493900e-01 1.45228900e+00 1.05125900e-01 3.01927900e+00 -6.63388604e-04 -2.25766081e+00 1.71294795e-03 -4.04845386e-01 5.57649330e+00 -2.52334143e-02 -9.14004697e-01 -3.59868562e-03
2.73553300e+10 9.91726700e-01 1.44249500e+00 1.02739400e-01 3.00931900e+00 -8.27343951e-04 -2.27635970e+00 1.72734931e-03 -4.08959660e-01 5.56611280e+00 -2.55329953e-02 -9.30940716e-01 -3.59371807e-03
2.74468200e+10 9.91953700e-01 1.43266200e+00 1.00335700e-01 2.99932000e+00 -9.88743240e-04 -2.29549372e+00 1.74302330e-03 -4.13101612e-01 5.55662001e+00 -2.58388278e-02 -9.48273877e-01 -3.59264761e-03
2.75383100e+10 9.92174500e-01 1.42278700e+00 9.79151000e-02 2.98928000e+00 -1.14661903e-03 -2.31509163e+00 1.76012972e-03 -4.17273392e-01 5.54803073e+00 -2.61504161e-02 -9.66028153e-01 -3.59640797e-03
2.76298000e+10 9.92388900e-01 1.41287000e+00 9.54769900e-02 2.97919800e+00 -1.30183117e-03 -2.33519012e+00 1.77875144e-03 -4.21475456e-01 5.54040100e+00 -2.64708829e-02 -9.84227636e-01 -3.60503292e-03
2.77212900e+10 9.92596700e-01 1.40290900e+00 9.30216300e-02 2.96907600e+00 -1.45101393e-03 -2.35582269e+00 1.79894751e-03 -4.25709382e-01 5.53376222e+00 -2.67928361e-02 -1.00289843e+00 -3.62029113e-03
2.78127800e+10 9.92797700e-01 1.39290400e+00 9.05486100e-02 2.95890900e+00 -1.59850288e-03 -2.37703037e+00 1.82076799e-03 -4.29975657e-01 5.52817570e+00 -2.71271828e-02 -1.02206811e+00 -3.64070349e-03
2.79042700e+10 9.92991800e-01 1.38285300e+00 8.80581100e-02 2.94870100e+00 -1.73931465e-03 -2.39885392e+00 1.84422523e-03 -4.34275888e-01 5.52368516e+00 -2.74623448e-02 -1.04176763e+00 -3.66868452e-03
2.79957600e+10 9.93178600e-01 1.37275400e+00 8.55497800e-02 2.93844400e+00 -1.87847665e-03 -2.42134287e+00 1.86948536e-03 -4.38611786e-01 5.52035069e+00 -2.78120466e-02 -1.06203303e+00 -3.70274304e-03
2.80872500e+10 9.93358200e-01 1.36260700e+00 8.30237700e-02 2.92814500e+00 -2.01033754e-03 -2.44454517e+00 1.89644236e-03 -4.42983799e-01 5.51824190e+00 -2.81621253e-02 -1.08289772e+00 -3.74539205e-03
2.81787300e+10 9.93530100e-01 1.35241000e+00 8.04799900e-02 2.91779200e+00 -2.14323353e-03 -2.46851847e+00 1.92529955e-03 -4.47393877e-01 5.51742807e+00 -2.85339965e-02 -1.10440417e+00 -3.79376795e-03
2.82702200e+10 9.93694600e-01 1.34216200e+00 7.79181400e-02 2.90739300e+00 -2.26995656e-03 -2.49332501e+00 1.95585813e-03 -4.51842715e-01 5.51800081e+00 -2.89091378e-02 -1.12659518e+00 -3.85092666e-03
2.83617100e+10 9.93851100e-01 1.33186100e+00 7.53387600e-02 2.89693800e+00 -2.39706616e-03 -2.51902814e+00 1.98836510e-03 -4.56332269e-01 5.52003452e+00 -2.93052039e-02 -1.14951859e+00 -3.91488901e-03
2.84532000e+10 9.93999700e-01 1.32150600e+00 7.27410500e-02 2.88642600e+00 -2.52477305e-03 -2.54571230e+00 2.02273657e-03 -4.60863734e-01 5.52365482e+00 -2.97217392e-02 -1.17323158e+00 -3.98572904e-03
2.85446900e+10 9.94140500e-01 1.31109400e+00 7.01257900e-02 2.87585700e+00 -2.65086540e-03 -2.57345466e+00 2.05882336e-03 -4.65439477e-01 5.52895211e+00 -3.01521504e-02 -1.19779285e+00 -4.06447115e-03
2.86361800e+10 9.94272900e-01 1.30062500e+00 6.74923600e-02 2.86521900e+00 -2.78506487e-03 -2.60235619e+00 2.09692775e-03 -4.70060161e-01 5.53608281e+00 -3.06212518e-02 -1.22326981e+00 -4.14780486e-03
2.87276700e+10 9.94397400e-01 1.29009600e+00 6.48411800e-02 2.85451700e+00 -2.92120504e-03 -2.63252088e+00 2.13668786e-03 -4.74728210e-01 5.54518216e+00 -3.11115458e-02 -1.24973817e+00 -4.23809696e-03
2.88191600e+10 9.94513400e-01 1.27950600e+00 6.21720100e-02 2.84373500e+00 -3.07142320e-03 -2.66407302e+00 2.17839251e-03 -4.79444939e-01 5.55643380e+00 -3.16522624e-02 -1.27728301e+00 -4.33081841e-03
2.89106500e+10 9.94621200e-01 1.26885200e+00 5.94850800e-02 2.83287600e+00 -3.23102467e-03 -2.69715020e+00 2.22180676e-03 -4.84212854e-01 5.57002684e+00 -3.22307594e-02 -1.30600198e+00 -4.42804289e-03
2.90021400e+10 9.94720300e-01 1.25813300e+00 5.67803500e-02 2.82192000e+00 -3.41537226e-03 -2.73191228e+00 2.26715575e-03 -4.89033328e-01 5.58619950e+00 -3.28815147e-02 -1.33600389e+00 -4.52343976e-03
2.90936300e+10 9.94811400e-01 1.24734700e+00 5.40577600e-02 2.81087200e+00 -3.61910530e-03 -2.76854620e+00 2.31396766e-03 -4.93908325e-01 5.60522741e+00 -3.35880556e-02 -1.36741639e+00 -4.61882015e-03
2.91851200e+10 9.94893500e-01 1.23649000e+00 5.13179300e-02 2.79970400e+00 -3.86120418e-03 -2.80725894e+00 2.36276573e-03 -4.98841140e-01 5.62739807e+00 -3.43945720e-02 -1.40038537e+00 -4.70676771e-03
2.92766100e+10 9.94967300e-01 1.22556100e+00 4.85599800e-02 2.78841600e+00 -4.14105437e-03 -2.84831790e+00 2.41309809e-03 -5.03833230e-01 5.65312599e+00 -3.52946190e-02 -1.43508720e+00 -4.78686967e-03
2.93681000e+10 9.95032500e-01 1.21455700e+00 4.57853700e-02 2.77698500e+00 -4.47455345e-03 -2.89199992e+00 2.46504264e-03 -5.08887323e-01 5.68281083e+00 -3.63202690e-02 -1.47171313e+00 -4.85185959e-03
2.94595900e+10 9.95088500e-01 1.20347500e+00 4.29929700e-02 2.76538000e+00 -4.88363568e-03 -2.93868421e+00 2.51895237e-03 -5.14006260e-01 5.71703096e+00 -3.75181508e-02 -1.51051438e+00 -4.89218623e-03
2.95510800e+10 9.95136300e-01 1.19231300e+00 4.01839800e-02 2.75359600e+00 -5.37078119e-03 -2.98878551e+00 2.57412356e-03 -5.19192219e-01 5.75641411e+00 -3.88844470e-02 -1.55176801e+00 -4.90503538e-03
2.96425600e+10 9.95174700e-01 1.18106700e+00 3.73581600e-02 2.74157000e+00 -5.98219390e-03 -3.04284378e+00 2.63125880e-03 -5.24449002e-01 5.80177895e+00 -4.05152374e-02 -1.59583213e+00 -4.86915388e-03
2.97340500e+10 9.95204600e-01 1.16973500e+00 3.45159300e-02 2.72928300e+00 -6.73101393e-03 -3.10151420e+00 2.68974118e-03 -5.29778496e-01 5.85414490e+00 -4.24274460e-02 -1.64313363e+00 -4.77632401e-03
2.98255400e+10 9.95224900e-01 1.15831200e+00 3.16578000e-02 2.71664600e+00 -7.68271054e-03 -3.16562989e+00 2.75021206e-03 -5.35185258e-01 5.91478703e+00 -4.47501661e-02 -1.69421958e+00 -4.59448008e-03
2.99170300e+10 9.95236500e-01 1.14679500e+00 2.87839800e-02 2.70360100e+00 -8.87990653e-03 -3.23627655e+00 2.81206094e-03 -5.40672400e-01 5.98540415e+00 -4.75541710e-02 -1.74979038e+00 -4.29948651e-03
3.00085200e+10 9.95238200e-01 1.13518100e+00 2.58955400e-02 2.68998700e+00 -1.04454704e-02 -3.31486694e+00 2.87599763e-03 -5.46243136e-01 6.06821365e+00 -5.10718333e-02 -1.81075335e+00 -3.82778296e-03
3.01000100e+10 9.95230800e-01 1.12346500e+00 2.29921800e-02 2.67565900e+00 -1.24875590e-02 -3.40337942e+00 2.94149557e-03 -5.51902042e-01 6.16634101e+00 -5.54914122e-02 -1.87836879e+00 -3.11911620e-03
3.01915000e+10 9.95213400e-01 1.11164300e+00 2.00763200e-02 2.66028900e+00 -1.52575547e-02 -3.50451115e+00 3.00907650e-03 -5.57653154e-01 6.28406163e+00 -6.12688670e-02 -1.95434761e+00 -2.03691863e-03
3.02829900e+10 9.95185700e-01 1.09971100e+00 1.71469100e-02 2.64338100e+00 -1.91364340e-02 -3.62241204e+00 3.07894728e-03 -5.63500623e-01 6.42803076e+00 -6.90824469e-02 -2.04129036e+00 -3.69823210e-04
3.03744800e+10 9.95148600e-01 1.08766300e+00 1.42073200e-02 2.62408600e+00 -2.47768855e-02 -3.76339426e+00 3.15047838e-03 -5.69450000e-01 6.60838001e+00 -8.00710226e-02 -2.14314292e+00 2.25270519e-03
3.04659700e+10 9.95099800e-01 1.07549500e+00 1.12578400e-02 2.60042100e+00 -3.37117592e-02 -3.93844096e+00 3.22520167e-03 -5.75505691e-01 6.84290079e+00 -9.69260516e-02 -2.26670391e+00 6.69904294e-03
3.05574600e+10 9.95041300e-01 1.06320200e+00 8.30184000e-03 2.56806900e+00 -4.92789963e-02 -4.16853240e+00 3.30179807e-03 -5.81672853e-01 7.16574334e+00 -1.25394942e-01 -2.42488484e+00 1.49006021e-02
3.06489500e+10 9.94970500e-01 1.05077600e+00 5.34605600e-03 2.51235400e+00 -8.28355620e-02 -4.50270757e+00 3.38203680e-03 -5.87958835e-01 7.65713833e+00 -1.84931800e-01 -2.64768685e+00 3.34755778e-02
3.07404400e+10 9.94888800e-01 1.03821400e+00 2.41952400e-03 2.34896400e+00 -1.99651263e-01 -5.10855234e+00 3.46502788e-03 -5.94367789e-01 8.59268442e+00 -3.85998633e-01 -3.03705076e+00 1.00965004e-01
3.08319300e+10 9.94794400e-01 1.02550600e+00 9.24899700e-04 2.59676500e-01 -1.80585691e+00 -5.84141617e+00 3.55206985e-03 -6.00908773e-01 9.70286670e+00 -3.06256499e+00 -3.51657276e+00 1.06440614e+00
3.09234200e+10 9.94688000e-01 1.01264900e+00 3.69239500e-03 -3.63167800e-01 -2.27111625e+00 -4.76002865e+00 3.64278341e-03 -6.07586309e-01 7.81163350e+00 -3.78476654e+00 -2.90040142e+00 1.36255938e+00
3.10149100e+10 9.94567900e-01 9.99631500e-01 6.64602600e-03 -4.55092400e-01 -2.32512327e+00 -4.29772931e+00 3.73849021e-03 -6.14410929e-01 6.97159328e+00 -3.82673287e+00 -2.64926431e+00 1.41251413e+00
3.11064000e+10 9.94434200e-01 9.86449200e-01 9.61287800e-03 -4.97993300e-01 -2.34108867e+00 -4.00580698e+00 3.83928960e-03 -6.21388490e-01 6.42301895e+00 -3.80719717e+00 -2.49815047e+00 1.43934610e+00
3.11978800e+10 9.94286700e-01 9.73090000e-01 1.25746000e-02 -5.26586000e-01 -2.34588536e+00 -3.79241659e+00 3.94557633e-03 -6.28530751e-01 6.01011410e+00 -3.77006014e+00 -2.39290632e+00 1.45949782e+00
3.12893700e+10 9.94122800e-01 9.59547900e-01 1.55276200e-02 -5.49039400e-01 -2.34583291e+00 -3.62417196e+00 4.05944623e-03 -6.35844805e-01 5.67598925e+00 -3.72555420e+00 -2.31393370e+00 1.47687354e+00
3.13808600e+10 9.93945200e-01 9.45810900e-01 1.84637400e-02 -5.68553000e-01 -2.34339888e+00 -3.48556759e+00 4.17936588e-03 -6.43343053e-01 5.39400813e+00 -3.67757513e+00 -2.25220962e+00 1.49304193e+00
3.14723500e+10 9.93748800e-01 9.31868500e-01 2.13778200e-02 -5.86213400e-01 -2.33941823e+00 -3.36791851e+00 4.30942428e-03 -6.51036896e-01 5.14914942e+00 -3.62745662e+00 -2.20272076e+00 1.50853379e+00
3.15638400e+10 9.93536800e-01 9.17710700e-01 2.42645400e-02 -6.02912900e-01 -2.33457261e+00 -3.26593356e+00 4.44783561e-03 -6.58937910e-01 4.93222054e+00 -3.57622513e+00 -2.16243123e+00 1.52381206e+00
3.16553300e+10 9.93305500e-01 9.03322100e-01 2.71142400e-02 -6.18902700e-01 -2.32904630e+00 -3.17626001e+00 4.59799104e-03 -6.67061928e-01 4.73727529e+00 -3.52415293e+00 -2.12947106e+00 1.53901370e+00
3.17468200e+10 9.93055500e-01 8.88692000e-01 2.99216700e-02 -6.34493700e-01 -2.32307130e+00 -3.09645968e+00 4.76018071e-03 -6.75421989e-01 4.56001493e+00 -3.47157456e+00 -2.10247520e+00 1.55431373e+00
3.18383100e+10 9.92784900e-01 8.73802500e-01 3.26745600e-02 -6.49797000e-01 -2.31672107e+00 -3.02493946e+00 4.93682912e-03 -6.84036950e-01 4.39751470e+00 -3.41857388e+00 -2.08060762e+00 1.56978921e+00
3.19298000e+10 9.92493100e-01 8.58640200e-01 3.53655100e-02 -6.64933700e-01 -2.31007956e+00 -2.96040174e+00 5.12943563e-03 -6.92923058e-01 4.24742664e+00 -3.36526031e+00 -2.06318003e+00 1.58552220e+00
3.20212900e+10 9.92179100e-01 8.43183100e-01 3.79784800e-02 -6.79963700e-01 -2.30317765e+00 -2.90202733e+00 5.34021656e-03 -7.02103741e-01 4.10814283e+00 -3.31164170e+00 -2.04982372e+00 1.60157219e+00
3.21127800e+10 9.91839800e-01 8.27415800e-01 4.05044000e-02 -6.94894200e-01 -2.29601123e+00 -2.84903926e+00 5.57299933e-03 -7.11598289e-01 3.97820523e+00 -3.25771126e+00 -2.04016713e+00 1.61795997e+00
3.22042700e+10 9.91478000e-01 8.11311800e-01 4.29226700e-02 -7.09839800e-01 -2.28864907e+00 -2.80102791e+00 5.82768335e-03 -7.21435611e-01 3.85669744e+00 -3.20350791e+00 -2.03409880e+00 1.63478944e+00
3.22957600e+10 9.91085500e-01 7.94848700e-01 4.52182500e-02 -7.24659900e-01 -2.28097124e+00 -2.75756139e+00 6.11279914e-03 -7.31642303e-01 3.74269359e+00 -3.14887420e+00 -2.03149169e+00 1.65199863e+00
3.23872500e+10 9.90668100e-01 7.77999700e-01 4.73702100e-02 -7.39520700e-01 -2.27308524e+00 -2.71839342e+00 6.42646027e-03 -7.42250219e-01 3.63558072e+00 -3.09390163e+00 -2.03233600e+00 1.66972837e+00
3.24787400e+10 9.90216900e-01 7.60729500e-01 4.93509300e-02 -7.54242200e-01 -2.26483380e+00 -2.68341874e+00 6.77902895e-03 -7.53298906e-01 3.53488045e+00 -3.03836477e+00 -2.03676977e+00 1.68790585e+00
3.25702300e+10 9.89733800e-01 7.43009500e-01 5.11388400e-02 -7.68883100e-01 -2.25624369e+00 -2.65248237e+00 7.17246477e-03 -7.64824948e-01 3.44012328e+00 -2.98227438e+00 -2.04486752e+00 1.70660662e+00
3.26617100e+10 9.89214300e-01 7.24792700e-01 5.26946800e-02 -7.83336700e-01 -2.24720678e+00 -2.62571817e+00 7.61513518e-03 -7.76881850e-01 3.35114085e+00 -2.92544635e+00 -2.05698557e+00 1.72581896e+00
3.27532000e+10 9.88654000e-01 7.06040100e-01 5.39877800e-02 -7.97494100e-01 -2.23761882e+00 -2.60315559e+00 8.11556682e-03 -7.89518577e-01 3.26766499e+00 -2.86774477e+00 -2.07339924e+00 1.74551554e+00
3.28446900e+10 9.88050300e-01 6.86693900e-01 5.49689400e-02 -8.11239700e-01 -2.22736095e+00 -2.58511572e+00 8.68237300e-03 -8.02803588e-01 3.18973058e+00 -2.80897522e+00 -2.09467895e+00 1.76568843e+00
3.29361800e+10 9.87394400e-01 6.66699300e-01 5.55934100e-02 -8.24313700e-01 -2.21621239e+00 -2.57188943e+00 9.32998138e-03 -8.16806312e-01 3.11731491e+00 -2.74887308e+00 -2.12141274e+00 1.78622059e+00
3.30276700e+10 9.86683700e-01 6.45980500e-01 5.57958300e-02 -8.36478700e-01 -2.20395741e+00 -2.56410460e+00 1.00695934e-02 -8.31619052e-01 3.05073120e+00 -2.68714026e+00 -2.15455119e+00 1.80703348e+00
3.31191600e+10 9.85900300e-01 6.24461000e-01 5.55132200e-02 -8.47133600e-01 -2.19011930e+00 -2.56244045e+00 1.09267300e-02 -8.47340186e-01 2.99027102e+00 -2.62325949e+00 -2.19518961e+00 1.82777700e+00
3.32106500e+10 9.85042600e-01 6.02042300e-01 5.46613700e-02 -8.55765700e-01 -2.17427739e+00 -2.56802506e+00 1.19152427e-02 -8.64095847e-01 2.93666599e+00 -2.55674008e+00 -2.24492684e+00 1.84818543e+00
3.33021400e+10 9.84080100e-01 5.78606800e-01 5.31445500e-02 -8.60997400e-01 -2.15538124e+00 -2.58239084e+00 1.30773027e-02 -8.82037705e-01 2.89089017e+00 -2.48649947e+00 -2.30595266e+00 1.86735682e+00
3.33936300e+10 9.82999800e-01 5.54028300e-01 5.08630800e-02 -8.61208300e-01 -2.13221607e+00 -2.60760643e+00 1.44420582e-02 -9.01339689e-01 2.85439741e+00 -2.41134333e+00 -2.38113276e+00 1.88419177e+00
3.34851200e+10 9.81763500e-01 5.28127600e-01 4.76825500e-02 -8.53020000e-01 -2.10229133e+00 -2.64704513e+00 1.60674226e-02 -9.22240567e-01 2.82965927e+00 -2.32884644e+00 -2.47499080e+00 1.89628715e+00
3.35766100e+10 9.80323900e-01 5.00721700e-01 4.34948000e-02 -8.30477600e-01 -2.06131383e+00 -2.70523278e+00 1.80241731e-02 -9.45007549e-01 2.82002804e+00 -2.23505358e+00 -2.59361887e+00 1.89919754e+00
3.36681000e+10 9.78624300e-01 4.71553000e-01 3.81891900e-02 -7.81526200e-01 -2.00066711e+00 -2.78956835e+00 2.04018150e-02 -9.70012779e-01 2.83117344e+00 -2.12206296e+00 -2.74673419e+00 1.88376041e+00
3.37595900e+10 9.76562700e-01 4.40329300e-01 3.18223400e-02 -6.78436400e-01 -1.90073367e+00 -2.90966076e+00 2.33450598e-02 -9.97710767e-01 2.87018892e+00 -1.97225335e+00 -2.94737261e+00 1.82845624e+00
3.38510800e+10 9.74020200e-01 4.06669100e-01 2.49943900e-02 -4.52691200e-01 -1.71331100e+00 -3.06983393e+00 2.70351244e-02 -1.02871917e+00 2.93833331e+00 -1.74270030e+00 -3.20431659e+00 1.67952253e+00
3.39425700e+10 9.70793000e-01 3.70102200e-01 2.04793400e-02 3.46065800e-02 -1.34120403e+00 -3.19817464e+00 3.17719826e-02 -1.06385811e+00 2.96590821e+00 -1.34927468e+00 -3.44501675e+00 1.32523844e+00
3.40340600e+10 9.66614800e-01 3.30028400e-01 2.46446200e-02 6.82928500e-01 -8.56027457e-01 -3.05472617e+00 3.79784203e-02 -1.10426566e+00 2.73639866e+00 -8.69312150e-01 -3.40573978e+00 8.29268051e-01
3.41255500e+10 9.61048800e-01 2.85674700e-01 3.92811000e-02 1.06439400e+00 -5.57402653e-01 -2.71327799e+00 4.63763743e-02 -1.15156558e+00 2.33288746e+00 -5.77990107e-01 -3.15036787e+00 5.16053717e-01
3.42170300e+10 9.53475800e-01 2.36068700e-01 6.17353700e-02 1.21985200e+00 -4.14879777e-01 -2.38025782e+00 5.81273582e-02 -1.20812427e+00 1.94917457e+00 -4.37190245e-01 -2.89976310e+00 3.62868229e-01
3.43085200e+10 9.42910900e-01 1.79923300e-01 9.15542800e-02 1.26963300e+00 -3.43001662e-01 -2.08472593e+00 7.53634377e-02 -1.27761667e+00 1.61029095e+00 -3.63457002e-01 -2.68933037e+00 2.81112527e-01
3.44000100e+10 9.27851600e-01 1.15659500e-01 1.29756000e-01 1.26354400e+00 -3.06231437e-01 -1.81532265e+00 1.02192964e-01 -1.36585634e+00 1.30499264e+00 -3.21843880e-01 -2.51076465e+00 2.32754946e-01
3.44915000e+10 9.05978100e-01 4.12801900e-02 1.78138000e-01 1.22038600e+00 -2.91239581e-01 -1.55878551e+00 1.47455341e-01 -1.48271001e+00 1.02166949e+00 -2.98028746e-01 -2.35417171e+00 2.01972593e-01
3.45829900e+10 8.73716500e-01 -4.54128600e-02 2.38838700e-01 1.14634200e+00 -2.95084704e-01 -1.30319371e+00 2.33093166e-01 -1.64500527e+00 7.51701660e-01 -2.85896485e-01 -2.21254274e+00 1.81650346e-01
3.46744800e+10 8.25879600e-01 -1.46384700e-01 3.13831300e-01 1.04240900e+00 -3.23426328e-01 -1.03585392e+00 4.23719863e-01 -1.87654983e+00 4.88192430e-01 -2.82584107e-01 -2.08087366e+00 1.68013741e-01
3.47659700e+10 7.55564300e-01 -2.61739500e-01 4.03649800e-01 9.07097200e-01 -4.01045988e-01 -7.45030291e-01 9.29813056e-01 -2.12403671e+00 2.24991617e-01 -2.87304889e-01 -1.95536949e+00 1.59097511e-01
3.48574600e+10 6.55818800e-01 -3.85836200e-01 5.05119900e-01 7.39744100e-01 -5.85504193e-01 -4.64537065e-01 1.79331944e+00 -1.68539690e+00 -4.40954670e-02 -3.00479333e-01 -1.83292538e+00 1.53743603e-01
3.49489500e+10 5.24347500e-01 -4.98238900e-01 6.08981100e-01 5.43706800e-01 -8.35920445e-01 -3.02007620e-01 1.75212660e+00 -8.14292072e-01 -3.26469265e-01 -3.24091280e-01 -1.71056086e+00 1.51527805e-01
