#param resolution,6.0000e-04
#param simtime,1.2000e-08
#param a,3.0000e-03
#param loss,0.0000e+00
#param b,1.2000e-03
#param cellsize,1.4400e-02
#param padding,1.2000e-03
#param cellnumber,1.0000e+00
#param frequency_domain,False
#x-column freq
#column |r|
#column r phase
#column |t|
#column t phase
#column real N
#column imag N
#column real Z
#column imag Z
#column real eps
#column imag eps
#column real mu
#column imag mu
8.02057100e+09 9.96347900e-01 6.65232900e-01 5.31272900e-25 6.30725900e-01 nan nan 7.05355659e-03 -1.68986677e+00 nan nan nan nan
8.05106700e+09 9.86721800e-01 6.67323400e-01 4.58787000e-25 5.10785400e-01 nan nan 2.56093494e-02 -1.68263440e+00 nan nan nan nan
8.08156300e+09 1.00812900e+00 6.45000300e-01 5.19626800e-25 7.35968300e-01 nan nan -1.60713411e-02 -1.72335542e+00 nan nan nan nan
8.11206000e+09 9.99751600e-01 6.11707700e-01 6.31550400e-25 6.25338400e-01 nan nan 5.21455470e-04 -1.78829320e+00 nan nan nan nan
8.14255600e+09 9.92689300e-01 6.05186200e-01 6.02209600e-25 5.55063700e-01 nan nan 1.55391442e-02 -1.79870652e+00 nan nan nan nan
8.17305300e+09 1.00285600e+00 5.89794300e-01 6.24956500e-25 6.32939800e-01 nan nan -6.19365747e-03 -1.82851286e+00 nan nan nan nan
8.20354900e+09 1.00043800e+00 5.66916100e-01 6.84438600e-25 5.94832100e-01 nan nan -9.89368727e-04 -1.87580757e+00 nan nan nan nan
8.23404600e+09 9.96667100e-01 5.55749200e-01 6.80535700e-25 5.54464100e-01 nan nan 7.68094697e-03 -1.89774610e+00 nan nan nan nan
8.26454200e+09 1.00030900e+00 5.42430800e-01 6.90220900e-25 5.72008000e-01 nan nan -7.27020058e-04 -1.92519039e+00 nan nan nan nan
8.29503900e+09 1.00009000e+00 5.25988300e-01 7.16264300e-25 5.57726700e-01 nan nan -2.18000589e-04 -1.96078441e+00 nan nan nan nan
8.32553500e+09 9.99015400e-01 5.12964900e-01 7.23525200e-25 5.37543100e-01 nan -7.44827009e+00 2.44096674e-03 -1.98893073e+00 nan nan nan nan
8.35603200e+09 9.99390600e-01 4.99940700e-01 7.30248600e-25 5.29150500e-01 nan nan 1.54568090e-03 -2.01773345e+00 nan nan nan nan
8.38652800e+09 9.99564200e-01 4.87060300e-01 7.37407200e-25 5.20231600e-01 nan nan 1.13104844e-03 -2.04683770e+00 nan nan nan nan
8.41702500e+09 1.00010800e+00 4.73824700e-01 7.46591500e-25 5.11723600e-01 nan nan -2.87064440e-04 -2.07756953e+00 nan nan nan nan
8.44752100e+09 9.99302100e-01 4.60751800e-01 7.53135500e-25 4.94680500e-01 nan -7.34090515e+00 1.90113270e-03 -2.10861283e+00 nan nan nan nan
8.47801800e+09 9.99263400e-01 4.49432300e-01 7.51804700e-25 4.84797800e-01 nan nan 2.04869588e-03 -2.13553776e+00 nan nan nan nan
8.50851400e+09 1.00036900e+00 4.36689400e-01 7.58356200e-25 4.80774600e-01 nan nan -1.05076228e-03 -2.16708061e+00 nan nan nan nan
8.53901000e+09 9.99491800e-01 4.23810900e-01 7.64262900e-25 4.63597700e-01 nan nan 1.48409047e-03 -2.19979329e+00 nan nan nan nan
8.56950700e+09 9.99285600e-01 4.12855500e-01 7.60807800e-25 4.51874200e-01 nan -5.89617882e+00 2.13043988e-03 -2.22758685e+00 nan nan nan nan
8.60000300e+09 1.00021100e+00 4.00674400e-01 7.63600300e-25 4.47425700e-01 nan nan -6.44145383e-04 -2.25970955e+00 nan nan nan nan
8.63050000e+09 9.99645900e-01 3.88319600e-01 7.67612500e-25 4.33276500e-01 nan nan 1.10827518e-03 -2.29315593e+00 nan nan nan nan
8.66099600e+09 9.99540000e-01 3.77201600e-01 7.64976200e-25 4.20824200e-01 nan nan 1.47200788e-03 -2.32348024e+00 nan nan nan nan
8.69149300e+09 9.99954200e-01 3.65346700e-01 7.64757900e-25 4.13649600e-01 nan nan 1.50112585e-04 -2.35690148e+00 nan nan nan nan
8.72198900e+09 9.99660900e-01 3.53669500e-01 7.66111300e-25 4.02587100e-01 nan nan 1.13867391e-03 -2.39054791e+00 nan nan nan nan
8.75248600e+09 9.99856500e-01 3.42314200e-01 7.64846300e-25 3.90649500e-01 nan nan 4.93342376e-04 -2.42391385e+00 nan nan nan nan
8.78298200e+09 9.99780200e-01 3.30529900e-01 7.62922300e-25 3.80591300e-01 nan nan 7.74836920e-04 -2.45959470e+00 nan nan nan nan
8.81347900e+09 9.99586900e-01 3.19431300e-01 7.61717200e-25 3.71308800e-01 nan nan 1.49130705e-03 -2.49370899e+00 nan nan nan nan
8.84397500e+09 1.00007300e+00 3.07962200e-01 7.61113100e-25 3.60499100e-01 nan nan -2.70126440e-04 -2.53001866e+00 nan nan nan nan
8.87447200e+09 9.99726500e-01 2.96163400e-01 7.58575900e-25 3.48641200e-01 nan nan 1.03906053e-03 -2.56850323e+00 nan nan nan nan
8.90496800e+09 9.99560900e-01 2.85340500e-01 7.55535900e-25 3.39615400e-01 nan -6.96434757e+00 1.70889850e-03 -2.60421391e+00 nan nan nan nan
8.93546400e+09 1.00008900e+00 2.73843900e-01 7.54508300e-25 3.29909700e-01 nan nan -3.55451698e-04 -2.64348897e+00 nan nan nan nan
8.96596100e+09 9.99706400e-01 2.62204900e-01 7.52038000e-25 3.17705600e-01 nan nan 1.20481421e-03 -2.68439475e+00 nan nan nan nan
8.99645700e+09 9.99749100e-01 2.51267700e-01 7.48049600e-25 3.07665600e-01 nan nan 1.05608130e-03 -2.72346972e+00 nan nan nan nan
9.02695400e+09 9.99890900e-01 2.39601900e-01 7.45585300e-25 2.98784200e-01 nan nan 4.72138198e-04 -2.76670804e+00 nan nan nan nan
9.05745000e+09 9.99539600e-01 2.28562300e-01 7.43630200e-25 2.87561700e-01 nan nan 2.04627096e-03 -2.80838933e+00 nan nan nan nan
9.08794700e+09 1.00030800e+00 2.17175400e-01 7.39405900e-25 2.75379400e-01 nan nan -1.40709554e-03 -2.85278624e+00 nan nan nan nan
9.11844300e+09 9.99556000e-01 2.04821800e-01 7.34542600e-25 2.67174600e-01 nan nan 2.09334782e-03 -2.90299801e+00 nan nan nan nan
9.14894000e+09 9.98971500e-01 1.95040100e-01 7.33607900e-25 2.58161000e-01 nan nan 4.96886728e-03 -2.94234029e+00 nan nan nan nan
9.17943600e+09 1.00136600e+00 1.83065800e-01 7.29662900e-25 2.42409600e-01 nan nan -6.79891618e-03 -2.99353413e+00 nan nan nan nan
9.20993300e+09 9.99258000e-01 1.68979600e-01 7.21112700e-25 2.34960500e-01 nan nan 3.84010646e-03 -3.05725986e+00 nan nan nan nan
9.24042900e+09 9.97660300e-01 1.61259800e-01 7.21926300e-25 2.29822100e-01 nan nan 1.23508868e-02 -3.08952716e+00 nan nan nan nan
9.27092600e+09 1.00303400e+00 1.48904800e-01 7.18890100e-25 2.08213300e-01 nan nan -1.65210517e-02 -3.14751977e+00 nan nan nan nan
9.30142200e+09 9.99288500e-01 1.31256900e-01 7.04384200e-25 2.01468700e-01 nan nan 4.08657510e-03 -3.23776290e+00 nan nan nan nan
9.33191900e+09 9.95071500e-01 1.26469600e-01 7.07815900e-25 2.03401300e-01 nan nan 2.86666310e-02 -3.25631491e+00 nan nan nan nan
9.36241500e+09 1.00548000e+00 1.14459800e-01 7.07026500e-25 1.71996500e-01 nan nan -3.28194150e-02 -3.31808991e+00 nan nan nan nan
9.39291100e+09 1.00015300e+00 8.98698200e-02 6.81994000e-25 1.64786800e-01 nan nan -9.93507935e-04 -3.46237266e+00 nan nan nan nan
9.42340800e+09 9.89999400e-01 8.88697500e-02 6.88645800e-25 1.81011400e-01 nan nan 6.51302270e-02 -3.45777660e+00 nan nan nan nan
9.45390400e+09 1.00927400e+00 7.87310400e-02 6.93144200e-25 1.31802400e-01 nan nan -6.16432422e-02 -3.51452764e+00 nan nan nan nan
9.48440100e+09 1.00304600e+00 3.87723400e-02 6.45604000e-25 1.18831500e-01 nan nan -2.33725173e-02 -3.79067659e+00 nan nan nan nan
9.51489700e+09 9.77518000e-01 4.17428400e-02 6.53829500e-25 1.71777300e-01 nan -6.51993599e+00 1.71483336e-01 -3.74916350e+00 nan nan nan nan
9.54539400e+09 1.01780900e+00 3.58436400e-02 6.70328200e-25 7.68329500e-02 nan nan -1.35433337e-01 -3.78521137e+00 nan nan nan nan
9.57589000e+09 1.01377200e+00 -6.94481200e-02 5.27803000e-25 1.99403400e-02 nan nan -1.63109369e-01 -4.77752236e+00 nan nan nan nan
9.60638700e+09 8.59808600e-01 -1.12587300e-01 4.85303600e-25 4.66164400e-01 nan nan 1.91138566e+00 -4.56590936e+00 nan nan nan nan
9.63688300e+09 7.92248400e-01 9.21132400e-02 7.59427100e-25 5.28878700e-01 nan nan 1.24297522e+00 -2.88480397e+00 nan nan nan nan
9.66738000e+09 9.50304600e-01 1.75176700e-01 8.89712100e-25 2.43961200e-01 nan nan 2.40319095e-01 -2.89477717e+00 nan nan nan nan
9.69787600e+09 1.03327000e+00 6.72045300e-02 7.82705300e-25 4.59257900e-02 nan nan -2.17301033e-01 -3.49807352e+00 nan nan nan nan
9.72837300e+09 9.90375700e-01 9.35764600e-03 6.94059300e-25 9.24726000e-02 nan nan 7.93747783e-02 -3.92547688e+00 nan nan nan nan
9.75886900e+09 9.86445800e-01 2.59630900e-02 7.27935700e-25 1.03307900e-01 nan nan 1.04411851e-01 -3.78047174e+00 nan nan nan nan
9.78936600e+09 1.01256300e+00 -7.56763100e-04 7.11329100e-25 3.33994900e-02 nan nan -1.05338460e-01 -3.98303081e+00 nan nan nan nan
9.81986200e+09 9.97192200e-01 -3.04604800e-02 6.74836700e-25 4.42796800e-02 nan nan 2.66510772e-02 -4.23748474e+00 nan nan nan nan
9.85035800e+09 9.92910800e-01 -2.85526200e-02 6.87440500e-25 4.97599700e-02 nan nan 6.64486351e-02 -4.20426134e+00 nan nan nan nan
9.88085500e+09 1.00585600e+00 -4.52558100e-02 6.80207100e-25 1.00809200e-02 nan nan -5.81950208e-02 -4.35089955e+00 nan nan nan nan
9.91135100e+09 9.98926900e-01 -6.64045700e-02 6.59477400e-25 8.52798400e-03 nan -6.25719867e+00 1.16794520e-02 -4.55586178e+00 nan nan nan nan
9.94184800e+09 9.96148400e-01 -7.15617200e-02 6.62397800e-25 7.30804600e-03 nan nan 4.26771992e-02 -4.59525274e+00 nan nan nan nan
9.97234400e+09 1.00268200e+00 -8.56075400e-02 6.56534100e-25 -1.78749100e-02 nan -6.22085634e+00 -3.14026446e-02 -4.73791013e+00 nan nan nan nan
1.00028400e+10 9.99410200e-01 -1.02529700e-01 6.43405000e-25 -2.45498200e-02 nan -5.97228606e+00 7.45112207e-03 -4.92535292e+00 nan nan nan nan
1.00333400e+10 9.97817200e-01 -1.11586500e-01 6.41363900e-25 -3.05075900e-02 nan nan 2.86492569e-02 -5.02200832e+00 nan nan nan nan
1.00638300e+10 1.00105300e+00 -1.24700800e-01 6.35503300e-25 -4.84994000e-02 nan nan -1.46380327e-02 -5.17850971e+00 nan nan nan nan
1.00943300e+10 9.99919600e-01 -1.40072900e-01 6.25292100e-25 -5.84616200e-02 nan nan 1.20302302e-03 -5.37817268e+00 nan nan nan nan
1.01248300e+10 9.98146300e-01 -1.51759200e-01 6.19972500e-25 -6.52050800e-02 nan nan 2.93416627e-02 -5.53418705e+00 nan nan nan nan
1.01553200e+10 9.99910400e-01 -1.63531600e-01 6.15486500e-25 -8.01283500e-02 nan nan 1.50092001e-03 -5.70098023e+00 nan nan nan nan
1.01858200e+10 1.00137100e+00 -1.79722100e-01 6.04558900e-25 -9.59258400e-02 nan nan -2.49950627e-02 -5.95708948e+00 nan nan nan nan
1.02163200e+10 9.97285500e-01 -1.94502500e-01 5.94837400e-25 -9.79818200e-02 nan nan 5.37470590e-02 -6.20833368e+00 nan nan nan nan
1.02468100e+10 9.98187000e-01 -2.03111300e-01 5.94829800e-25 -1.10618900e-01 nan nan 3.75127624e-02 -6.35162116e+00 nan nan nan nan
1.02773100e+10 1.00455500e+00 -2.22185800e-01 5.80673000e-25 -1.39632100e-01 nan nan -1.05346805e-01 -6.73423684e+00 nan nan nan nan
1.03078100e+10 9.95608500e-01 -2.42751600e-01 5.61992100e-25 -1.30931000e-01 nan nan 1.16482470e-01 -7.20550235e+00 nan nan nan nan
1.03383000e+10 9.94534300e-01 -2.45390000e-01 5.70433200e-25 -1.37105900e-01 nan nan 1.46194418e-01 -7.23381336e+00 nan nan nan nan
1.03688000e+10 1.01019100e+00 -2.68926200e-01 5.52143600e-25 -1.92814700e-01 nan nan -3.18932007e-01 -7.86191746e+00 nan nan nan nan
1.03992900e+10 9.93822300e-01 -3.01345900e-01 5.15024800e-25 -1.67988600e-01 nan nan 2.52901327e-01 -8.97549355e+00 nan nan nan nan
1.04297900e+10 9.86907900e-01 -2.94755500e-01 5.35694000e-25 -1.54953900e-01 nan -4.84452186e+00 4.99393800e-01 -8.63387731e+00 nan nan nan nan
1.04602900e+10 1.01919000e+00 -3.24062000e-01 5.13869000e-25 -2.61587800e-01 nan nan -9.25832879e-01 -9.77592175e+00 nan nan nan nan
1.04907800e+10 9.93118100e-01 -3.81305400e-01 4.39103000e-25 -2.17510900e-01 nan nan 6.44262822e-01 -1.36079713e+01 nan nan nan nan
1.05212800e+10 9.70741500e-01 -3.63132600e-01 4.73943600e-25 -1.50100400e-01 nan nan 2.09116784e+00 -1.16409274e+01 nan nan nan nan
1.05517800e+10 1.03373200e+00 -4.01716900e-01 4.46968400e-25 -3.67452500e-01 nan nan -3.74318386e+00 -1.45165600e+01 nan nan nan nan
1.05822700e+10 9.96127800e-01 -5.20613600e-01 2.81442400e-25 -3.07959800e-01 nan nan 5.12459764e+01 -1.54241257e+02 nan nan nan nan
1.06127700e+10 9.26590700e-01 -5.00757100e-01 3.26390600e-25 4.21964500e-03 nan nan 2.20912558e+01 -9.57038271e+00 nan nan nan nan
1.06432700e+10 1.06097900e+00 -5.80579900e-01 2.45619700e-25 -7.14409000e-01 nan 1.70668785e+01 2.13457671e+01 -1.62922618e+01 nan nan nan nan
1.06737600e+10 1.01856400e+00 -1.01580500e+00 3.83483900e-25 2.62916900e+00 nan nan 1.63259553e-01 -4.08985829e+00 nan nan nan nan
1.07042600e+10 4.89166700e-01 -1.72640900e+00 1.18033100e-24 1.62174100e+00 nan nan -8.70539331e-01 -1.03853573e+00 nan nan nan nan
1.07347600e+10 3.52072600e-01 1.29769700e+00 1.72512400e-24 8.39058700e-01 nan nan -6.68919165e-01 5.18630637e-01 nan nan nan nan
1.07652500e+10 9.51705300e-01 5.00918900e-01 1.65806400e-24 1.84113700e-01 nan nan -9.96202396e-02 1.73736439e+00 nan nan nan nan
1.07957500e+10 1.08172200e+00 1.93231000e-02 1.15351700e-24 -1.82090500e-01 nan nan 5.00593067e-01 3.39422637e+00 nan nan nan nan
1.08262500e+10 9.43801400e-01 -1.33876500e-01 9.10986700e-25 -7.07890200e-02 nan -5.51627708e+00 -6.82237944e-01 4.70654580e+00 nan nan nan nan
1.08567400e+10 9.70670000e-01 -9.65188100e-02 9.90641600e-25 -1.32618100e-01 nan nan -2.98290042e-01 4.35401439e+00 nan nan nan nan
1.08872400e+10 1.03736900e+00 -1.95092200e-01 8.69862000e-25 -2.76985900e-01 nan -4.21906292e+00 5.90213354e-01 5.55347472e+00 nan nan nan nan
1.09177300e+10 9.86397200e-01 -2.67103200e-01 7.96308000e-25 -1.90281200e-01 nan nan -3.45784911e-01 7.02689625e+00 nan nan nan nan
1.09482300e+10 9.77491800e-01 -2.50223400e-01 8.58898000e-25 -2.39512300e-01 nan nan -5.05229997e-01 6.56797042e+00 nan nan nan nan
1.09787300e+10 1.01579000e+00 -2.83393500e-01 7.80293300e-25 -3.25262300e-01 nan nan 4.34683046e-01 7.36933890e+00 nan nan nan nan
1.10092200e+10 1.00444500e+00 -3.36939800e-01 7.70796500e-25 -2.33585100e-01 nan nan 1.89335733e-01 9.18391738e+00 nan nan nan nan
1.10397200e+10 9.80860000e-01 -3.47497900e-01 8.48194900e-25 -3.23502500e-01 nan -5.20157189e+00 -8.90624051e-01 9.50730953e+00 nan nan nan nan
1.10702200e+10 9.97001900e-01 -3.48760400e-01 7.49763400e-25 -3.97962600e-01 nan nan -1.39176679e-01 9.57522403e+00 nan nan nan nan
1.11007100e+10 1.02490900e+00 -4.03132400e-01 8.25989700e-25 -2.24410700e-01 nan nan 1.99602024e+00 1.25419879e+01 nan nan nan nan
1.11312100e+10 9.70707000e-01 -4.90796900e-01 1.11525500e-24 -4.60971500e-01 nan -4.53925006e+00 -1.05112877e+01 2.44094916e+01 nan nan nan nan
1.11617100e+10 8.45581600e-01 -4.60254800e-01 1.05786700e-24 -9.79972800e-01 nan nan -8.77043148e+00 5.25699570e+00 nan nan nan nan
1.11922000e+10 8.63175900e-01 -3.00109900e-01 5.60265400e-25 -1.44800800e+00 nan 1.63358562e+01 -3.26745832e+00 5.74957834e+00 nan nan nan nan
1.12227000e+10 9.95260300e-01 -3.03616600e-01 2.33619000e-25 -3.20001700e-01 nan nan -1.40353803e-01 7.62004217e+00 nan nan nan nan
1.12532000e+10 1.02183600e+00 -3.99830300e-01 5.48243800e-25 -2.29160700e-01 nan nan 1.54148273e+00 1.18054751e+01 nan nan nan nan
1.12836900e+10 9.83131700e-01 -4.22927400e-01 5.52939000e-25 -5.00171500e-01 nan nan -1.60687680e+00 1.36141485e+01 nan nan nan nan
1.13141900e+10 9.97380900e-01 -4.17100600e-01 4.83379300e-25 -3.95987400e-01 nan nan -2.27371205e-01 1.31280873e+01 nan nan nan nan
1.13446900e+10 1.00921900e+00 -4.51532400e-01 5.65188900e-25 -3.44964100e-01 nan nan 1.28759384e+00 1.66724450e+01 nan nan nan nan
1.13751800e+10 9.92941500e-01 -4.68219700e-01 5.70067400e-25 -4.66879800e-01 nan nan -1.30607971e+00 1.91328404e+01 nan nan nan nan
1.14056800e+10 9.98266600e-01 -4.70507700e-01 5.26961700e-25 -4.41032900e-01 nan nan -3.25985902e-01 1.93569404e+01 nan nan nan nan
1.14361700e+10 1.00457600e+00 -4.92294200e-01 5.59749800e-25 -4.07212300e-01 nan nan 1.32386806e+00 2.40247357e+01 nan nan nan nan
1.14666700e+10 9.96485200e-01 -5.06574100e-01 5.66318800e-25 -4.74635400e-01 nan nan -1.42585735e+00 2.84057808e+01 nan nan nan nan
1.14971700e+10 9.98900500e-01 -5.13166900e-01 5.40133100e-25 -4.75138300e-01 nan nan -5.18495947e-01 3.06816160e+01 nan nan nan nan
1.15276600e+10 1.00224700e+00 -5.29631100e-01 5.52242200e-25 -4.56882200e-01 nan nan 1.77717574e+00 3.97421902e+01 nan nan nan nan
1.15581600e+10 9.98229600e-01 -5.42562700e-01 5.57215000e-25 -4.94645800e-01 nan nan -2.34755245e+00 5.14115341e+01 nan nan nan nan
1.15886600e+10 9.99297300e-01 -5.51541100e-01 5.42720600e-25 -5.04679200e-01 nan nan -1.42788347e+00 6.37144052e+01 nan nan nan nan
1.16191500e+10 1.00094400e+00 -5.65201000e-01 5.45212200e-25 -4.99936300e-01 nan nan 5.08287315e+00 1.03667973e+02 nan nan nan nan
1.16496500e+10 9.99201500e-01 -5.77308800e-01 5.47009000e-25 -5.20721800e-01 nan -4.14023299e+00 -2.10662231e+01 2.28688975e+02 nan nan nan nan
1.16801500e+10 9.99565000e-01 -5.87668100e-01 5.40259400e-25 -5.32606500e-01 nan 1.38688721e+01 4.08920438e+03 1.44057555e+03 nan nan nan nan
1.17106400e+10 1.00016500e+00 -5.99734600e-01 5.38768300e-25 -5.38321100e-01 nan 1.47229294e+01 -2.88893925e+00 1.87112236e+02 nan nan nan nan
1.17411400e+10 9.99742200e-01 -6.11255100e-01 5.37298900e-25 -5.50033600e-01 nan 1.48715249e+01 1.20651385e+00 9.67285602e+01 nan nan nan nan
1.17716400e+10 9.99800300e-01 -6.22460400e-01 5.35433100e-25 -5.60419400e-01 nan 1.49419755e+01 4.33841971e-01 6.59038322e+01 nan nan nan nan
1.18021300e+10 9.99657100e-01 -6.33676700e-01 5.32899400e-25 -5.73830800e-01 nan 1.49823910e+01 4.28162122e-01 4.99568694e+01 nan nan nan nan
1.18326300e+10 1.00000200e+00 -6.44671200e-01 5.28719000e-25 -5.80673800e-01 nan 1.50054362e+01 -1.63370298e-03 4.04067397e+01 nan nan nan nan
1.18631300e+10 1.00011400e+00 -6.56663900e-01 5.31754400e-25 -5.87938300e-01 nan 1.50187875e+01 -6.34644791e-02 3.33537308e+01 nan nan nan nan
1.18936200e+10 9.98727300e-01 -6.67935200e-01 5.32163000e-25 -6.15922400e-01 nan 1.50216071e+01 5.24580823e-01 2.86802986e+01 nan nan nan nan
1.19241200e+10 9.98219000e-01 -6.77457100e-01 5.18931400e-25 -6.36710200e-01 nan 1.50201674e+01 5.90960275e-01 2.57232933e+01 nan nan nan nan
1.19546100e+10 9.99286900e-01 -6.87702400e-01 5.09503300e-25 -6.30324200e-01 nan 1.50165718e+01 1.91305584e-01 2.31369502e+01 nan nan nan nan
1.19851100e+10 9.99907000e-01 -6.99061300e-01 5.11808600e-25 -6.29348200e-01 nan 1.50069692e+01 2.01119996e-02 2.07724723e+01 nan nan nan nan
1.20156100e+10 9.99930600e-01 -7.10249500e-01 5.12086200e-25 -6.43270300e-01 nan 1.49950130e+01 1.23976229e-02 1.88750536e+01 nan nan nan nan
1.20461000e+10 9.99904900e-01 -7.21261800e-01 5.08637300e-25 -6.53808400e-01 nan 1.49824024e+01 1.43138206e-02 1.73208604e+01 nan nan nan nan
1.20766000e+10 9.99814600e-01 -7.32119800e-01 5.06934500e-25 -6.62025100e-01 nan 1.49666852e+01 2.38925987e-02 1.60223789e+01 nan nan nan nan
1.21071000e+10 9.99884100e-01 -7.42890200e-01 5.05241300e-25 -6.73348200e-01 nan 1.49493674e+01 1.29487609e-02 1.49142217e+01 nan nan nan nan
1.21375900e+10 9.99931800e-01 -7.53797400e-01 5.02381300e-25 -6.83888600e-01 nan 1.49317295e+01 6.65644093e-03 1.39354528e+01 nan nan nan nan
1.21680900e+10 9.99888400e-01 -7.64602400e-01 5.00104000e-25 -6.92865400e-01 nan 1.49124766e+01 9.61102961e-03 1.30855253e+01 nan nan nan nan
1.21985900e+10 9.99913900e-01 -7.75426100e-01 4.98378100e-25 -7.03304300e-01 nan 1.48920617e+01 6.58965055e-03 1.23313854e+01 nan nan nan nan
1.22290800e+10 9.99790400e-01 -7.86184100e-01 4.95757200e-25 -7.14447300e-01 nan 1.48712083e+01 1.43627923e-02 1.16634033e+01 nan nan nan nan
1.22595800e+10 9.99954600e-01 -7.96768700e-01 4.93099400e-25 -7.23420100e-01 nan 1.48494989e+01 2.80673966e-03 1.10743896e+01 nan nan nan nan
1.22900800e+10 1.00012000e+00 -8.07920400e-01 4.91613100e-25 -7.33205200e-01 nan 1.48273707e+01 -6.68705302e-03 1.05098776e+01 nan nan nan nan
1.23205700e+10 9.99509500e-01 -8.18677300e-01 4.89188600e-25 -7.45068400e-01 nan 1.48044482e+01 2.48726226e-02 1.00195777e+01 nan nan nan nan
1.23510700e+10 9.99901700e-01 -8.28702900e-01 4.86210900e-25 -7.53912600e-01 nan 1.47806900e+01 4.58537763e-03 9.60671311e+00 nan nan nan nan
1.23815700e+10 1.00059200e+00 -8.40419500e-01 4.85051000e-25 -7.63094500e-01 nan 1.47577351e+01 -2.50913981e-02 9.15383559e+00 nan nan nan nan
1.24120600e+10 9.99111800e-01 -8.51531100e-01 4.82828100e-25 -7.75839100e-01 nan 1.47336227e+01 3.45760692e-02 8.76474406e+00 nan nan nan nan
1.24425600e+10 9.99601600e-01 -8.60512800e-01 4.79482800e-25 -7.84450100e-01 nan 1.47079229e+01 1.45409401e-02 8.48421699e+00 nan nan nan nan
1.24730500e+10 1.00143500e+00 -8.73002100e-01 4.78825000e-25 -7.92861400e-01 nan 1.46847138e+01 -4.77824508e-02 8.10193086e+00 nan nan nan nan
1.25035500e+10 9.98621600e-01 -8.85129700e-01 4.76892100e-25 -8.07060000e-01 nan 1.46601736e+01 4.22589607e-02 7.76350088e+00 nan nan nan nan
1.25340500e+10 9.98854900e-01 -8.92394600e-01 4.72898900e-25 -8.15318400e-01 nan 1.46324999e+01 3.35917954e-02 7.59182456e+00 nan nan nan nan
1.25645400e+10 1.00285100e+00 -9.05880800e-01 4.73122100e-25 -8.22250100e-01 nan 1.46094168e+01 -7.63756857e-02 7.25595095e+00 nan nan nan nan
1.25950400e+10 9.98034000e-01 -9.20326600e-01 4.71854400e-25 -8.39287900e-01 nan 1.45852694e+01 4.81796327e-02 6.92548899e+00 nan nan nan nan
1.26255400e+10 9.97194600e-01 -9.24809000e-01 4.66506000e-25 -8.47324000e-01 nan 1.45554217e+01 6.73930661e-02 6.85371472e+00 nan nan nan nan
1.26560300e+10 1.00545400e+00 -9.39803100e-01 4.68443800e-25 -8.50814700e-01 nan 1.45329992e+01 -1.19204463e-01 6.54354592e+00 nan nan nan nan
1.26865300e+10 9.97131900e-01 -9.60127600e-01 4.69207300e-25 -8.74287100e-01 nan 1.45106210e+01 5.58830417e-02 6.15709011e+00 nan nan nan nan
1.27170300e+10 9.92614700e-01 -9.59507900e-01 4.60680500e-25 -8.83647600e-01 nan 1.44777881e+01 1.46090362e-01 6.19641675e+00 nan nan nan nan
1.27475200e+10 1.01279200e+00 -9.79423000e-01 4.67902600e-25 -8.77100400e-01 nan 1.44584624e+01 -2.24050417e-01 5.84850811e+00 nan nan nan nan
1.27780200e+10 9.91581300e-01 -1.03181700e+00 4.81325200e-25 -9.29945700e-01 nan 1.44457162e+01 1.13062133e-01 5.07290777e+00 nan nan nan nan
1.28085200e+10 9.23964900e-01 -1.02357800e+00 4.55748400e-25 -1.00410100e+00 nan 1.44066352e+01 1.06679974e+00 4.98979121e+00 nan nan nan nan
1.28390100e+10 9.28084500e-01 -9.49216500e-01 4.14092200e-25 -9.76857300e-01 nan 1.43449943e+01 1.54140987e+00 6.16501331e+00 nan nan nan nan
1.28695100e+10 9.95852700e-01 -9.48566100e-01 4.19340000e-25 -8.98793500e-01 nan 1.43163163e+01 9.22819188e-02 6.58798611e+00 nan nan nan nan
1.29000100e+10 1.01173100e+00 -1.00116300e+00 4.41954100e-25 -9.11526400e-01 nan 1.43119433e+01 -1.89695751e-01 5.61210762e+00 nan nan nan nan
1.29305000e+10 9.91681600e-01 -1.01752900e+00 4.38457900e-25 -9.47212600e-01 nan 1.42851332e+01 1.25292311e-01 5.38364838e+00 nan nan nan nan
1.29610000e+10 9.98300100e-01 -1.01784500e+00 4.32811400e-25 -9.44614800e-01 nan 1.42556538e+01 2.56999490e-02 5.40469002e+00 nan nan nan nan
1.29914900e+10 1.00521000e+00 -1.03921700e+00 4.37748100e-25 -9.52114600e-01 nan 1.42339112e+01 -7.07066537e-02 5.11942968e+00 nan nan nan nan
1.30219900e+10 9.96647900e-01 -1.05278800e+00 4.35440600e-25 -9.73288800e-01 nan 1.42071406e+01 4.30028550e-02 4.96109693e+00 nan nan nan nan
1.30524900e+10 9.98613800e-01 -1.05757700e+00 4.31120800e-25 -9.78189400e-01 nan 1.41789233e+01 1.74831583e-02 4.92004127e+00 nan nan nan nan
1.30829800e+10 1.00274700e+00 -1.07270600e+00 4.32352800e-25 -9.85823500e-01 nan 1.41541770e+01 -3.23732826e-02 4.75408118e+00 nan nan nan nan
1.31134800e+10 9.98544800e-01 -1.08540800e+00 4.30553700e-25 -1.00163400e+00 nan 1.41275603e+01 1.63091617e-02 4.62584558e+00 nan nan nan nan
1.31439800e+10 9.98984500e-01 -1.09290600e+00 4.27291000e-25 -1.00944500e+00 nan 1.41000945e+01 1.10713422e-02 4.55999156e+00 nan nan nan nan
1.31744700e+10 1.00129800e+00 -1.10543900e+00 4.26958000e-25 -1.01790800e+00 nan 1.40741591e+01 -1.34520978e-02 4.44305112e+00 nan nan nan nan
1.32049700e+10 9.99441100e-01 -1.11736500e+00 4.25247000e-25 -1.03090500e+00 nan 1.40476189e+01 5.53914661e-03 4.33774521e+00 nan nan nan nan
1.32354700e+10 9.99440000e-01 -1.12670500e+00 4.22739800e-25 -1.03983800e+00 nan 1.40207012e+01 5.36687578e-03 4.26169207e+00 nan nan nan nan
1.32659600e+10 1.00035500e+00 -1.13809100e+00 4.21742600e-25 -1.04924300e+00 nan 1.39941893e+01 -3.26232845e-03 4.16924064e+00 nan nan nan nan
1.32964600e+10 9.99780000e-01 -1.14921800e+00 4.19890900e-25 -1.06083900e+00 nan 1.39676836e+01 1.94383193e-03 4.08279952e+00 nan nan nan nan
1.33269600e+10 9.99935700e-01 -1.15977700e+00 4.17869900e-25 -1.06984600e+00 nan 1.39412144e+01 5.47728505e-04 4.00451101e+00 nan nan nan nan
1.33574500e+10 9.99806200e-01 -1.17091700e+00 4.16768400e-25 -1.08014200e+00 nan 1.39144370e+01 1.58927113e-03 3.92422670e+00 nan nan nan nan
1.33879500e+10 9.99694500e-01 -1.18128800e+00 4.14627400e-25 -1.09138100e+00 nan 1.38879555e+01 2.42078767e-03 3.85300024e+00 nan nan nan nan
1.34184400e+10 1.00040900e+00 -1.19245600e+00 4.12872900e-25 -1.09964600e+00 nan 1.38618488e+01 -3.12284025e-03 3.77805852e+00 nan nan nan nan
1.34489400e+10 9.99676200e-01 -1.20410600e+00 4.12129700e-25 -1.11082200e+00 nan 1.38350029e+01 2.38139871e-03 3.70225405e+00 nan nan nan nan
1.34794400e+10 9.99199900e-01 -1.21390500e+00 4.09535400e-25 -1.12266500e+00 nan 1.38085873e+01 5.70980686e-03 3.64238835e+00 nan nan nan nan
1.35099300e+10 1.00077700e+00 -1.22495300e+00 4.07880000e-25 -1.12922600e+00 nan 1.37826907e+01 -5.35357545e-03 3.57567392e+00 nan nan nan nan
1.35404300e+10 1.00009000e+00 -1.23794900e+00 4.08090100e-25 -1.14147300e+00 nan 1.37559140e+01 -5.95676274e-04 3.49826327e+00 nan nan nan nan
1.35709300e+10 9.98184800e-01 -1.24760300e+00 4.04763900e-25 -1.15529600e+00 nan 1.37296881e+01 1.16912113e-02 3.44523450e+00 nan nan nan nan
1.36014200e+10 1.00095300e+00 -1.25753100e+00 4.03036400e-25 -1.15838200e+00 nan 1.37038223e+01 -5.95617153e-03 3.39201398e+00 nan nan nan nan
1.36319200e+10 1.00135500e+00 -1.27333700e+00 4.05557300e-25 -1.17224000e+00 nan 1.36770330e+01 -8.07185053e-03 3.30487257e+00 nan nan nan nan
1.36624200e+10 9.95984100e-01 -1.28378300e+00 4.01030400e-25 -1.19181000e+00 nan 1.36511373e+01 2.32958207e-02 3.25238398e+00 nan nan nan nan
1.36929100e+10 1.00110200e+00 -1.29101400e+00 3.98921400e-25 -1.18631800e+00 nan 1.36252685e+01 -6.26000281e-03 3.21984330e+00 nan nan nan nan
1.37234100e+10 1.00474900e+00 -1.31698500e+00 4.11106100e-25 -1.20403700e+00 nan 1.35969708e+01 -2.49303922e-02 3.08603071e+00 nan nan nan nan
1.37539100e+10 9.78868100e-01 -1.33673300e+00 4.08433100e-25 -1.27091600e+00 nan 1.35681935e+01 1.06230225e-01 2.98958773e+00 nan nan nan nan
1.37844000e+10 9.63512200e-01 -1.31556800e+00 3.79821000e-25 -1.29901900e+00 nan 1.35447468e+01 1.97656144e-01 3.09855512e+00 nan nan nan nan
1.38149000e+10 9.92688100e-01 -1.30875300e+00 3.65310200e-25 -1.25023600e+00 nan 1.35280566e+01 4.01916010e-02 3.15465009e+00 nan nan nan nan
1.38454000e+10 1.00549100e+00 -1.34151500e+00 3.76429100e-25 -1.22665100e+00 nan 1.35044012e+01 -2.72481757e-02 2.99186367e+00 nan nan nan nan
1.38758900e+10 9.92656500e-01 -1.35454900e+00 3.82784300e-25 -1.25021100e+00 nan 1.34712758e+01 3.54448292e-02 2.93544169e+00 nan nan nan nan
1.39063900e+10 1.00370300e+00 -1.36035300e+00 3.79022300e-25 -1.27049300e+00 nan 1.34480215e+01 -1.75556001e-02 2.91532253e+00 nan nan nan nan
1.39368800e+10 1.00344900e+00 -1.39057100e+00 3.74669200e-25 -1.27559900e+00 nan 1.34298042e+01 -1.50702307e-02 2.78455880e+00 nan nan nan nan
1.39673800e+10 9.86881500e-01 -1.39389100e+00 3.75932100e-25 -1.27743400e+00 nan 1.33962907e+01 5.74942682e-02 2.77577954e+00 nan nan nan nan
1.39978800e+10 1.00941900e+00 -1.39920500e+00 3.78079000e-25 -1.30272500e+00 nan 1.33721500e+01 -4.03994076e-02 2.75993410e+00 nan nan nan nan
1.40283700e+10 1.00667500e+00 -1.44796700e+00 3.67229500e-25 -1.32545300e+00 nan 1.33620635e+01 -2.52835129e-02 2.56910738e+00 nan nan nan nan
1.40588700e+10 9.70968700e-01 -1.44625600e+00 3.63482000e-25 -1.30613800e+00 nan 1.33263587e+01 1.12741524e-01 2.57742179e+00 nan nan nan nan
1.40893700e+10 1.01937500e+00 -1.44576700e+00 3.74271700e-25 -1.34246500e+00 nan 1.33014204e+01 -7.38844889e-02 2.58764766e+00 nan nan nan nan
1.41198600e+10 1.02315500e+00 -1.57641400e+00 3.43875900e-25 -1.42046300e+00 nan 1.33228629e+01 -6.49407350e-02 2.16117696e+00 nan nan nan nan
1.41503600e+10 8.27758800e-01 -1.65057600e+00 2.95717100e-25 -1.29026900e+00 nan 1.32995113e+01 4.45164727e-01 1.88883552e+00 nan nan nan nan
1.41808600e+10 7.19801800e-01 -1.36996700e+00 3.46544100e-25 -1.10624600e+00 nan 1.31604230e+01 1.27515843e+00 2.32559650e+00 nan nan nan nan
1.42113500e+10 9.24641600e-01 -1.23988200e+00 4.12531900e-25 -1.21198900e+00 nan 1.30761507e+01 5.69274571e-01 3.63832358e+00 nan nan nan nan
1.42418500e+10 1.04297200e+00 -1.37600000e+00 4.01047800e-25 -1.34880600e+00 nan 1.31272225e+01 -1.99778719e-01 2.90897875e+00 nan nan nan nan
1.42723500e+10 9.93090700e-01 -1.45890400e+00 3.78251300e-25 -1.34595400e+00 nan 1.31232877e+01 2.64398338e-02 2.57417118e+00 nan nan nan nan
1.43028400e+10 9.77937300e-01 -1.43708300e+00 3.88986500e-25 -1.35594900e+00 nan 1.30793333e+01 9.03693537e-02 2.66355411e+00 nan nan nan nan
1.43333400e+10 1.01423200e+00 -1.45970500e+00 3.79747400e-25 -1.39747100e+00 nan 1.30708683e+01 -5.41922022e-02 2.58208851e+00 nan nan nan nan
1.43638400e+10 1.00316200e+00 -1.50272400e+00 3.78087600e-25 -1.37347400e+00 nan 1.30516264e+01 -1.09146667e-02 2.43196634e+00 nan nan nan nan
1.43943300e+10 9.86393500e-01 -1.50507700e+00 3.94597400e-25 -1.41510600e+00 nan 1.30104935e+01 4.72571043e-02 2.42839198e+00 nan nan nan nan
1.44248300e+10 1.00160900e+00 -1.51099600e+00 3.74336600e-25 -1.45385400e+00 nan 1.29995767e+01 -5.48870384e-03 2.41411810e+00 nan nan nan nan
1.44553200e+10 1.01131400e+00 -1.54681100e+00 3.90525000e-25 -1.37549300e+00 nan 1.29722839e+01 -3.54212648e-02 2.30127327e+00 nan nan nan nan
1.44858200e+10 9.84770800e-01 -1.58801600e+00 4.60678700e-25 -1.49884400e+00 nan 1.29092607e+01 4.42011873e-02 2.18150833e+00 nan nan nan nan
1.45163200e+10 9.30938100e-01 -1.58348000e+00 4.30669200e-25 -1.79721600e+00 nan 1.28844591e+01 2.07565408e-01 2.18352264e+00 nan nan nan nan
1.45468100e+10 9.28605800e-01 -1.52141400e+00 2.86173800e-25 -1.89387100e+00 nan 1.29367091e+01 2.48212942e-01 2.37753532e+00 nan nan nan nan
1.45773100e+10 9.95558800e-01 -1.51515800e+00 2.51601000e-25 -1.45503000e+00 nan 1.29517357e+01 1.53251465e-02 2.42607255e+00 nan nan nan nan
1.46078100e+10 1.01707000e+00 -1.57741200e+00 3.26809400e-25 -1.42024700e+00 nan 1.28833330e+01 -5.05812341e-02 2.23042187e+00 nan nan nan nan
1.46383000e+10 9.84121000e-01 -1.59752900e+00 3.25794500e-25 -1.53145700e+00 nan 1.28534213e+01 4.59163530e-02 2.17614866e+00 nan nan nan nan
1.46688000e+10 9.98163500e-01 -1.58651300e+00 3.13468700e-25 -1.49265800e+00 nan 1.28360927e+01 5.42209020e-03 2.21345019e+00 nan nan nan nan
1.46993000e+10 1.01593300e+00 -1.62866600e+00 3.30347800e-25 -1.49948900e+00 nan 1.28094025e+01 -4.27061254e-02 2.09807853e+00 nan nan nan nan
1.47297900e+10 9.82062900e-01 -1.64943400e+00 3.23615100e-25 -1.54012600e+00 nan 1.27833462e+01 4.69846659e-02 2.04696316e+00 nan nan nan nan
1.47602900e+10 9.96588900e-01 -1.63134000e+00 3.23265000e-25 -1.52209900e+00 nan 1.27569074e+01 9.24160602e-03 2.09981848e+00 nan nan nan nan
1.47907900e+10 1.02533000e+00 -1.68650600e+00 3.31235700e-25 -1.56817000e+00 nan 1.27408528e+01 -6.06378769e-02 1.96100742e+00 nan nan nan nan
1.48212800e+10 9.68065200e-01 -1.72472900e+00 3.13998900e-25 -1.60915000e+00 nan 1.27195385e+01 7.33011007e-02 1.87434990e+00 nan nan nan nan
1.48517800e+10 9.81506200e-01 -1.67965700e+00 3.07885100e-25 -1.60837500e+00 nan 1.26934251e+01 4.61585127e-02 1.98593154e+00 nan nan nan nan
1.48822800e+10 1.06077500e+00 -1.78816400e+00 2.85111100e-25 -1.69397300e+00 nan 1.27180593e+01 -1.19222194e-01 1.74124100e+00 nan nan nan nan
1.49127700e+10 9.02374800e-01 -1.99450500e+00 2.11889900e-25 -1.55833700e+00 nan 1.27437480e+01 1.50307237e-01 1.38350467e+00 nan nan nan nan
1.49432700e+10 5.93072300e-01 -1.80904300e+00 2.64095200e-25 -1.10805000e+00 nan 1.25927595e+01 8.42816351e-01 1.34330535e+00 nan nan nan nan
1.49737600e+10 7.64122000e-01 -1.35005700e+00 3.87707700e-25 -1.23505400e+00 nan 1.24278837e+01 1.30087233e+00 2.68530077e+00 nan nan nan nan
