#param resolution,4.0000e-06
#param simtime,5.0000e-11
#param loss,1.0000e+00
#param cellsize,5.0000e-05
#param padding,2.0000e-05
#param wirethick,1.0000e-05
#param radius,1.3000e-05
#param cellnumber,1.0000e+00
#param frequency_domain,False
#x-column freq
#column |r|
#column r phase
#column |t|
#column t phase
#column real N
#column imag N
#column real Z
#column imag Z
#column real eps
#column imag eps
#column real mu
#column imag mu
1.00638300e+11 9.97505200e-01 3.01743700e+00 4.45424500e-03 1.38462500e+00 -3.84843014e-03 2.72982232e+01 1.23678791e-03 -1.97713995e-02 -1.37532297e+03 8.58378480e+01 5.39719317e-01 3.38382011e-02
1.09787300e+11 9.97345900e-01 2.99705700e+00 4.87149100e-03 1.38619200e+00 -8.93977432e-02 2.66540830e+01 1.32040241e-03 -2.61412171e-02 -1.01719662e+03 4.79591719e+01 6.96652128e-01 3.75310813e-02
1.18936200e+11 9.97263300e-01 2.97760100e+00 5.33578800e-03 1.35094200e+00 1.08983303e-01 2.54964941e+01 1.35680310e-03 -3.20421552e-02 -7.94149236e+02 3.70289526e+01 8.17110490e-01 3.11016623e-02
1.28085200e+11 9.97260400e-01 2.95847600e+00 5.61748800e-03 1.34433400e+00 5.54073466e-02 2.45124190e+01 1.36042733e-03 -3.77830867e-02 -6.47874240e+02 2.47939820e+01 9.26230231e-01 3.12539042e-02
1.37234100e+11 9.97123600e-01 2.93983300e+00 6.15040600e-03 1.33526500e+00 6.02634928e-03 2.31859453e+01 1.42968936e-03 -4.32736526e-02 -5.35209404e+02 1.78216881e+01 1.00334916e+00 3.28879172e-02
1.46383000e+11 9.97068400e-01 2.92156200e+00 6.48730200e-03 1.30343700e+00 1.14191172e-01 2.21390083e+01 1.45384138e-03 -4.85869326e-02 -4.55179792e+02 1.59703515e+01 1.07583252e+00 2.66384076e-02
1.55532000e+11 9.97006800e-01 2.90353100e+00 6.88154000e-03 1.30348100e+00 1.07391746e-02 2.10930610e+01 1.48786218e-03 -5.37787654e-02 -3.91913632e+02 1.10425117e+01 1.13437476e+00 3.08060281e-02
1.64680900e+11 9.96913300e-01 2.88572800e+00 7.34381800e-03 1.27970400e+00 5.42300877e-02 2.00629833e+01 1.53242280e-03 -5.88572552e-02 -3.40620387e+02 9.78986423e+00 1.18093523e+00 2.75531390e-02
1.73829900e+11 9.96825700e-01 2.86817900e+00 7.69353300e-03 1.26443400e+00 4.63036406e-02 1.91911810e+01 1.57645272e-03 -6.38139896e-02 -3.00534931e+02 8.14998016e+00 1.22473882e+00 2.72991694e-02
1.82978800e+11 9.96789700e-01 2.85074200e+00 8.11773100e-03 1.25125100e+00 2.97311744e-02 1.83336940e+01 1.59460012e-03 -6.87150426e-02 -2.66653938e+02 6.62064023e+00 1.25984797e+00 2.71919317e-02
1.92127700e+11 9.96664100e-01 2.83345800e+00 8.52845100e-03 1.23483800e+00 2.74424662e-02 1.75485106e+01 1.65731366e-03 -7.35427518e-02 -2.38486930e+02 5.74754279e+00 1.29061124e+00 2.70651918e-02
2.01276700e+11 9.96618200e-01 2.81635500e+00 8.92823800e-03 1.21669400e+00 3.63350717e-02 1.68259454e+01 1.67938429e-03 -7.82829966e-02 -2.14828596e+02 5.07281094e+00 1.31724645e+00 2.54128102e-02
2.10425600e+11 9.96548400e-01 2.79926900e+00 9.30663500e-03 1.20415300e+00 1.78649177e-02 1.61685416e+01 1.71514018e-03 -8.30184693e-02 -1.94670832e+02 4.23704131e+00 1.34231822e+00 2.62481973e-02
2.19574600e+11 9.96445200e-01 2.78235700e+00 9.75877500e-03 1.18767800e+00 1.75479862e-02 1.55215403e+01 1.76638678e-03 -8.76678851e-02 -1.76973451e+02 3.76593493e+00 1.36077161e+00 2.58786487e-02
2.28723500e+11 9.96407600e-01 2.76549700e+00 1.01137300e-02 1.16881400e+00 2.86734933e-02 1.49625671e+01 1.78434849e-03 -9.22976963e-02 -1.62045462e+02 3.44341281e+00 1.38106164e+00 2.40519366e-02
2.37872400e+11 9.96319300e-01 2.74869700e+00 1.05317800e-02 1.15843100e+00 3.75379549e-03 1.44158659e+01 1.83004517e-03 -9.68988122e-02 -1.48718592e+02 2.84746046e+00 1.39688715e+00 2.60179474e-02
2.47021400e+11 9.96250800e-01 2.73199300e+00 1.09554900e-02 1.13798700e+00 2.01542163e-02 1.39033105e+01 1.86282727e-03 -1.01455884e-01 -1.36988161e+02 2.71388398e+00 1.41061020e+00 2.38547021e-02
2.56170300e+11 9.96192900e-01 2.71533100e+00 1.13133700e-02 1.12401100e+00 1.14098049e-02 1.34463623e+01 1.89257187e-03 -1.05997245e-01 -1.26813421e+02 2.37188540e+00 1.42529895e+00 2.42387991e-02
2.65319300e+11 9.96128500e-01 2.69871100e+00 1.17490300e-02 1.10918000e+00 6.24783906e-03 1.29933007e+01 1.92493532e-03 -1.10519574e-01 -1.17528969e+02 2.10355049e+00 1.43602609e+00 2.43207551e-02
2.74468200e+11 9.96052200e-01 2.68215700e+00 1.21380600e-02 1.09149000e+00 1.12910736e-02 1.25817378e+01 1.96280228e-03 -1.15014396e-01 -1.09359197e+02 1.96446324e+00 1.44710314e+00 2.33968277e-02
2.83617100e+11 9.96014200e-01 2.66564100e+00 1.25295000e-02 1.07659100e+00 7.17314609e-03 1.21939818e+01 1.98208279e-03 -1.19494248e-01 -1.02017536e+02 1.75222115e+00 1.45712490e+00 2.33123317e-02
2.92766100e+11 9.95941400e-01 2.64913500e+00 1.29345200e-02 1.06139000e+00 3.76747620e-03 1.18253904e+01 2.01898770e-03 -1.23973356e-01 -9.53607602e+01 1.58340215e+00 1.46604094e+00 2.34082510e-02
3.01915000e+11 9.95883100e-01 2.63271200e+00 1.33441300e-02 1.04449100e+00 6.29956888e-03 1.14760676e+01 2.04791233e-03 -1.28415234e-01 -8.93433662e+01 1.47386680e+00 1.47371482e+00 2.26930198e-02
3.11064000e+11 9.95849300e-01 2.61627200e+00 1.37142900e-02 1.02870000e+00 5.43603968e-03 1.11555909e+01 2.06505525e-03 -1.32871665e-01 -8.39367260e+01 1.34543371e+00 1.48227316e+00 2.23146160e-02
3.20212900e+11 9.95773000e-01 2.59988000e+00 1.41358900e-02 1.01455400e+00 -6.74618988e-04 1.08407376e+01 2.10419537e-03 -1.37307327e-01 -7.89338986e+01 1.20472614e+00 1.48851128e+00 2.29036600e-02
3.29361800e+11 9.95740900e-01 2.58352300e+00 1.45290500e-02 9.96059700e-01 6.66508610e-03 1.05483801e+01 2.11937490e-03 -1.41731680e-01 -7.44076570e+01 1.15967585e+00 1.49505376e+00 2.14113181e-02
3.38510800e+11 9.95691000e-01 2.56716000e+00 1.49006400e-02 9.82351300e-01 -1.47634442e-04 1.02752193e+01 2.14569521e-03 -1.46164511e-01 -7.02838712e+01 1.03075727e+00 1.50187209e+00 2.20690679e-02
3.47659700e+11 9.95639700e-01 2.55084000e+00 1.53314100e-02 9.66016000e-01 6.80867822e-04 1.00046111e+01 2.17131529e-03 -1.50579817e-01 -6.64267080e+01 9.62374626e-01 1.50649399e+00 2.16206402e-02
3.56808700e+11 9.95602100e-01 2.53453200e+00 1.56974600e-02 9.49095200e-01 3.13430569e-03 9.75863856e+00 2.19024188e-03 -1.54996435e-01 -6.29475511e+01 9.09728457e-01 1.51256106e+00 2.08879726e-02
3.65957600e+11 9.95565000e-01 2.51823200e+00 1.60962100e-02 9.34784500e-01 -1.36061312e-03 9.51889125e+00 2.20973285e-03 -1.59413741e-01 -5.97005087e+01 8.19010713e-01 1.51743906e+00 2.12511071e-02
3.75106500e+11 9.95515400e-01 2.50195000e+00 1.64982900e-02 9.18065200e-01 4.10965848e-04 9.28976944e+00 2.23472100e-03 -1.63828130e-01 -5.66937779e+01 7.75848089e-01 1.52192648e+00 2.06927151e-02
3.84255500e+11 9.95487600e-01 2.48569500e+00 1.68787800e-02 9.02016600e-01 6.22054415e-04 9.07426105e+00 2.24895850e-03 -1.68235296e-01 -5.39282281e+01 7.24606570e-01 1.52661240e+00 2.03029850e-02
3.93404400e+11 9.95454900e-01 2.46942000e+00 1.72643600e-02 8.86734100e-01 -1.14926555e-03 8.86775333e+00 2.26608367e-03 -1.72658947e-01 -5.13511827e+01 6.67308661e-01 1.53109435e+00 2.02935020e-02
4.02553300e+11 9.95406600e-01 2.45318700e+00 1.76699000e-02 8.70829200e-01 -1.39454291e-03 8.66726865e+00 2.29087260e-03 -1.77067097e-01 -4.89409738e+01 6.25316591e-01 1.53468490e+00 2.01025360e-02
4.11702300e+11 9.95396800e-01 2.43694800e+00 1.80413500e-02 8.53933200e-01 8.72068797e-04 8.47998031e+00 2.29563444e-03 -1.81486067e-01 -4.67177059e+01 5.95741841e-01 1.53900028e+00 1.93086665e-02
4.20851200e+11 9.95351200e-01 2.42070600e+00 1.84251800e-02 8.39642100e-01 -3.11919779e-03 8.29886171e+00 2.32010306e-03 -1.85912730e-01 -4.46317386e+01 5.40205263e-01 1.54285680e+00 1.98341130e-02
4.30000200e+11 9.95327400e-01 2.40449900e+00 1.88332000e-02 8.22542600e-01 -5.18467941e-04 8.12215241e+00 2.33174720e-03 -1.90328208e-01 -4.26680836e+01 5.20010763e-01 1.54587350e+00 1.90374852e-02
4.39149100e+11 9.95308300e-01 2.38826900e+00 1.91830600e-02 8.06677500e-01 -7.61480467e-04 7.95937316e+00 2.34216356e-03 -1.94764091e-01 -4.08608762e+01 4.87468579e-01 1.55019830e+00 1.87904628e-02
4.48298000e+11 9.95274800e-01 2.37205700e+00 1.95879700e-02 7.91823500e-01 -3.20113098e-03 7.79672044e+00 2.36005827e-03 -1.99196453e-01 -3.91355566e+01 4.47603669e-01 1.55307150e+00 1.90383685e-02
4.57447000e+11 9.95255200e-01 2.35585200e+00 1.99652400e-02 7.74532600e-01 -3.90548608e-04 7.64331635e+00 2.36985078e-03 -2.03633889e-01 -3.75295382e+01 4.34843420e-01 1.55643731e+00 1.81930481e-02
4.66595900e+11 9.95238500e-01 2.33964300e+00 2.03291100e-02 7.59406700e-01 -2.13493302e-03 7.49705778e+00 2.37937464e-03 -2.08081070e-01 -3.60249111e+01 4.01679148e-01 1.55999072e+00 1.82825483e-02
4.75744900e+11 9.95212800e-01 2.32343100e+00 2.07200300e-02 7.43538100e-01 -2.38182022e-03 7.35352271e+00 2.39301963e-03 -2.12537195e-01 -3.45944973e+01 3.78303152e-01 1.56289139e+00 1.81033496e-02
4.84893800e+11 9.95193200e-01 2.30724100e+00 2.10924800e-02 7.27112400e-01 -1.46867138e-03 7.21688227e+00 2.40341262e-03 -2.16990547e-01 -3.32549661e+01 3.61567521e-01 1.56599170e+00 1.76638337e-02
4.94042700e+11 9.95189000e-01 2.29102700e+00 2.14528600e-02 7.11293500e-01 -1.75813323e-03 7.08630530e+00 2.40620792e-03 -2.21464927e-01 -3.19937250e+01 3.39671940e-01 1.56936385e+00 1.74404888e-02
5.03191700e+11 9.95154200e-01 2.27482400e+00 2.18344200e-02 6.95963100e-01 -3.07979309e-03 6.95829157e+00 2.42520335e-03 -2.25941304e-01 -3.07934977e+01 3.16899564e-01 1.57215800e+00 1.75711245e-02
5.12340600e+11 9.95155800e-01 2.25863300e+00 2.22056800e-02 6.78907500e-01 -9.86544923e-04 6.83557652e+00 2.42420525e-03 -2.30420801e-01 -2.96623844e+01 3.07789761e-01 1.57505662e+00 1.67981609e-02
5.21489600e+11 9.95139300e-01 2.24240800e+00 2.25470900e-02 6.63704500e-01 -2.50388591e-03 6.71949691e+00 2.43420986e-03 -2.34927241e-01 -2.85994995e+01 2.85676951e-01 1.57858677e+00 1.69448966e-02
5.30638500e+11 9.95118800e-01 2.22621600e+00 2.29412900e-02 6.47883700e-01 -2.81938590e-03 6.60290269e+00 2.44538811e-03 -2.39424250e-01 -2.75754973e+01 2.69869937e-01 1.58088813e+00 1.68216891e-02
5.39787400e+11 9.95122600e-01 2.21000200e+00 2.32795700e-02 6.30818300e-01 -8.90761649e-04 6.49452243e+00 2.44371269e-03 -2.43943861e-01 -2.66203858e+01 2.63018765e-01 1.58429670e+00 1.60880427e-02
5.48936400e+11 9.95103900e-01 2.19378300e+00 2.36348500e-02 6.16126800e-01 -3.24948702e-03 6.38824504e+00 2.45517517e-03 -2.48474407e-01 -2.57074906e+01 2.40937915e-01 1.58730742e+00 1.64916750e-02
5.58085300e+11 9.95096400e-01 2.17757200e+00 2.40076200e-02 5.99340200e-01 -1.90371959e-03 6.28402101e+00 2.45930352e-03 -2.53010629e-01 -2.48347109e+01 2.33873069e-01 1.58991943e+00 1.59359763e-02
5.67234300e+11 9.95094100e-01 2.16135100e+00 2.43367500e-02 5.83249700e-01 -1.78610216e-03 6.18607579e+00 2.46165502e-03 -2.57562811e-01 -2.40156093e+01 2.22594414e-01 1.59329867e+00 1.56880180e-02
5.76383200e+11 9.95087900e-01 2.14511600e+00 2.46900600e-02 5.67744300e-01 -2.68311006e-03 6.08943675e+00 2.46617169e-03 -2.62131819e-01 -2.32284774e+01 2.08300937e-01 1.59622852e+00 1.57209251e-02
5.85532100e+11 9.95073400e-01 2.12889200e+00 2.50413300e-02 5.51409700e-01 -2.21405630e-03 5.99574536e+00 2.47473269e-03 -2.66705541e-01 -2.24789095e+01 2.00277938e-01 1.59909303e+00 1.54283681e-02
5.94681100e+11 9.95087700e-01 2.11265300e+00 2.53690600e-02 5.34979800e-01 -1.55910674e-03 5.90635486e+00 2.46809331e-03 -2.71298375e-01 -2.17689482e+01 1.92292668e-01 1.60238063e+00 1.50004180e-02
6.03830000e+11 9.95069400e-01 2.09639300e+00 2.56995900e-02 5.19725900e-01 -2.91193385e-03 5.81931496e+00 2.47977459e-03 -2.75912751e-01 -2.10895331e+01 1.78989026e-01 1.60561598e+00 1.52340290e-02
6.12979000e+11 9.95071000e-01 2.08016200e+00 2.60532000e-02 5.03085400e-01 -1.97287607e-03 5.73327193e+00 2.47955264e-03 -2.80522400e-01 -2.04363055e+01 1.73604743e-01 1.60830631e+00 1.47693854e-02
6.22127900e+11 9.95083000e-01 2.06388100e+00 2.63457600e-02 4.86699300e-01 -1.51255176e-03 5.65331962e+00 2.47479431e-03 -2.85171590e-01 -1.98228267e+01 1.66723716e-01 1.61216240e+00 1.44221400e-02
6.31276800e+11 9.95062600e-01 2.04761700e+00 2.66855000e-02 4.71736200e-01 -3.27480557e-03 5.57270104e+00 2.48786134e-03 -2.89821338e-01 -1.92267367e+01 1.53745233e-01 1.61507952e+00 1.48132160e-02
6.40425800e+11 9.95081100e-01 2.03134400e+00 2.70056700e-02 4.54260500e-01 -1.16925686e-03 5.49540442e+00 2.47852960e-03 -2.94489046e-01 -1.86595226e+01 1.53075039e-01 1.61833351e+00 1.39648558e-02
6.49574700e+11 9.95078500e-01 2.01504000e+00 2.72865300e-02 4.38906300e-01 -2.34323958e-03 5.42227414e+00 2.48267849e-03 -2.99185579e-01 -1.81222646e+01 1.42548706e-01 1.62226041e+00 1.41628269e-02
6.58723700e+11 9.95076800e-01 1.99874600e+00 2.76183000e-02 4.22897000e-01 -2.52102911e-03 5.34827683e+00 2.48520185e-03 -3.03887883e-01 -1.75983975e+01 1.35624167e-01 1.62527026e+00 1.40576577e-02
6.67872600e+11 9.95085900e-01 1.98243700e+00 2.79010600e-02 4.06033400e-01 -1.47904976e-03 5.27872817e+00 2.48206358e-03 -3.08612307e-01 -1.71036557e+01 1.32766290e-01 1.62907680e+00 1.35585919e-02
6.77021500e+11 9.95096400e-01 1.96610400e+00 2.81818200e-02 3.90374600e-01 -2.20035213e-03 5.21102190e+00 2.47899755e-03 -3.13362075e-01 -1.66284105e+01 1.24525078e-01 1.63293118e+00 1.36076174e-02
6.86170500e+11 9.95086700e-01 1.94976500e+00 2.84758400e-02 3.74340400e-01 -2.43280651e-03 5.14427470e+00 2.48670079e-03 -3.18127872e-01 -1.61695339e+01 1.18744661e-01 1.63653111e+00 1.35662155e-02
6.95319400e+11 9.95109800e-01 1.93342800e+00 2.87503400e-02 3.57453500e-01 -1.42776193e-03 5.08009673e+00 2.47604864e-03 -3.22906667e-01 -1.57315085e+01 1.16207629e-01 1.64039357e+00 1.30396004e-02
7.04468400e+11 9.95115600e-01 1.91703400e+00 2.89898100e-02 3.41694100e-01 -2.09258334e-03 5.01912770e+00 2.47637735e-03 -3.27730626e-01 -1.53139699e+01 1.09329376e-01 1.64491668e+00 1.31150578e-02
7.13617300e+11 9.95106400e-01 1.90067600e+00 2.92795600e-02 3.25847200e-01 -2.60430449e-03 4.95714066e+00 2.48420018e-03 -3.32547375e-01 -1.49057965e+01 1.03518117e-01 1.64847764e+00 1.31805844e-02
7.22766200e+11 9.95147600e-01 1.88426900e+00 2.95049200e-02 3.08262000e-01 -7.89852243e-04 4.89960741e+00 2.46392513e-03 -3.37407700e-01 -1.45205694e+01 1.03695747e-01 1.65316332e+00 1.23387681e-02
7.31915200e+11 9.95130500e-01 1.86783700e+00 2.97264800e-02 2.93511800e-01 -2.85506152e-03 4.84344581e+00 2.47823296e-03 -3.42294905e-01 -1.41492395e+01 9.41002911e-02 1.65787975e+00 1.29804601e-02
7.41064100e+11 9.95152500e-01 1.85142700e+00 2.99907200e-02 2.76363000e-01 -1.68783774e-03 4.78666352e+00 2.46837204e-03 -3.47184859e-01 -1.37864122e+01 9.31554352e-02 1.66185293e+00 1.24012581e-02
7.50213100e+11 9.95173900e-01 1.83495100e+00 3.01580300e-02 2.59718200e-01 -1.28344730e-03 4.73529698e+00 2.46092315e-03 -3.52128553e-01 -1.34470058e+01 9.03323520e-02 1.66743012e+00 1.21051404e-02
7.59362000e+11 9.95172900e-01 1.81847900e+00 3.03768500e-02 2.44432800e-01 -2.62883310e-03 4.68279020e+00 2.46615823e-03 -3.57083559e-01 -1.31134153e+01 8.32044019e-02 1.67214091e+00 1.24872147e-02
7.68510900e+11 9.95192000e-01 1.80198800e+00 3.05705900e-02 2.27130400e-01 -1.43429164e-03 4.63243280e+00 2.45923816e-03 -3.62066535e-01 -1.27938608e+01 8.29374056e-02 1.67724536e+00 1.19115645e-02
7.77659900e+11 9.95219600e-01 1.78546100e+00 3.07190100e-02 2.10797700e-01 -1.49515312e-03 4.58494641e+00 2.44896457e-03 -3.67086268e-01 -1.24895773e+01 7.92494349e-02 1.68306720e+00 1.17772215e-02
7.86808800e+11 9.95219200e-01 1.76890000e+00 3.08764900e-02 1.95010000e-01 -2.29952822e-03 4.53802330e+00 2.45494696e-03 -3.72141210e-01 -1.21938685e+01 7.42615208e-02 1.68877984e+00 1.19963557e-02
7.95957800e+11 9.95239200e-01 1.75235800e+00 3.10384600e-02 1.78036000e-01 -1.61466609e-03 4.49181423e+00 2.44847071e-03 -3.77202585e-01 -1.19077536e+01 7.30141335e-02 1.69431999e+00 1.16071318e-02
8.05106700e+11 9.95284700e-01 1.73572300e+00 3.11151100e-02 1.61007800e-01 -9.63236490e-04 4.44987363e+00 2.42899078e-03 -3.82336050e-01 -1.16381915e+01 7.14183850e-02 1.70134477e+00 1.11769820e-02
8.14255600e+11 9.95256300e-01 1.71910000e+00 3.12332200e-02 1.46178000e-01 -2.98715129e-03 4.40700965e+00 2.45275239e-03 -3.87478021e-01 -1.13731663e+01 6.42834130e-02 1.70761205e+00 1.19667589e-02
8.23404600e+11 9.95323500e-01 1.70246300e+00 3.13341700e-02 1.27624300e-01 -5.47645538e-04 4.36567642e+00 2.41935532e-03 -3.92648465e-01 -1.11181233e+01 6.71110360e-02 1.71417482e+00 1.07771547e-02
8.32553500e+11 9.95329200e-01 1.68571300e+00 3.13197800e-02 1.12015500e-01 -1.75001887e-03 4.32934165e+00 2.42569160e-03 -3.97903053e-01 -1.08800156e+01 6.19285109e-02 1.72265402e+00 1.11979855e-02
8.41702500e+11 9.95333100e-01 1.66902500e+00 3.14171400e-02 9.60896400e-02 -2.49703190e-03 4.28948355e+00 2.43084891e-03 -4.03138535e-01 -1.06398726e+01 5.79624344e-02 1.72925004e+00 1.14337362e-02
8.50851400e+11 9.95397500e-01 1.65223500e+00 3.13827900e-02 7.74726600e-02 -2.60305979e-04 4.25518880e+00 2.40166225e-03 -4.08456737e-01 -1.04173657e+01 6.06152029e-02 1.73805991e+00 1.03258500e-02
8.60000300e+11 9.95396400e-01 1.63540600e+00 3.13342500e-02 6.25411800e-02 -2.28141360e-03 4.22190570e+00 2.41337117e-03 -4.13815542e-01 -1.02020707e+01 5.39853326e-02 1.74708469e+00 1.11331099e-02
8.69149300e+11 9.95422200e-01 1.61856700e+00 3.13130000e-02 4.52896500e-02 -1.69491413e-03 4.18822613e+00 2.40751631e-03 -4.19201314e-01 -9.99065982e+00 5.33341894e-02 1.75570581e+00 1.07937329e-02
8.78298200e+11 9.95473700e-01 1.60166400e+00 3.11936100e-02 2.76455800e-02 -7.41764985e-04 4.15857753e+00 2.38818365e-03 -4.24647573e-01 -9.79270916e+00 5.33266275e-02 1.76592808e+00 1.02464356e-02
8.87447200e+11 9.95498200e-01 1.58466600e+00 3.10287400e-02 1.15907700e-02 -1.65076287e-03 4.13101911e+00 2.38672116e-03 -4.30171141e-01 -9.60292476e+00 4.94425098e-02 1.77704127e+00 1.05697013e-02
8.96596100e+11 9.95492700e-01 1.56769900e+00 3.09036000e-02 -4.63240700e-03 -2.35987412e-03 4.10244629e+00 2.40234335e-03 -4.35697724e-01 -9.41555203e+00 4.64990142e-02 1.78742084e+00 1.08836763e-02
9.05745000e+11 9.95609200e-01 1.55061500e+00 3.06520600e-02 -2.42892400e-02 5.53370045e-04 4.07887693e+00 2.34570324e-03 -4.41320742e-01 -9.24216420e+00 5.03777468e-02 1.80009429e+00 9.32362117e-03
9.14894000e+11 9.95563200e-01 1.53341800e+00 3.03231500e-02 -3.81432900e-02 -2.92024289e-03 4.05826785e+00 2.39111088e-03 -4.47032388e-01 -9.07801643e+00 4.20244740e-02 1.81417019e+00 1.10092116e-02
9.24042900e+11 9.95630200e-01 1.51631900e+00 3.01150800e-02 -5.67041700e-02 -1.25720726e-03 4.03389952e+00 2.36382035e-03 -4.52710016e-01 -8.91033103e+00 4.37481253e-02 1.82618375e+00 1.01045641e-02
9.33191900e+11 9.95725300e-01 1.49892500e+00 2.95874500e-02 -7.58804800e-02 7.16134116e-04 4.02116861e+00 2.32530933e-03 -4.58595471e-01 -8.76821044e+00 4.60208114e-02 1.84409138e+00 9.02204503e-03
9.42340800e+11 9.95659400e-01 1.48159800e+00 2.91853600e-02 -8.85841800e-02 -3.97381919e-03 4.00425072e+00 2.38521663e-03 -4.64460522e-01 -8.62111058e+00 3.57175612e-02 1.85980690e+00 1.13966875e-02
9.51489700e+11 9.95801400e-01 1.46417700e+00 2.86943100e-02 -1.10531100e-01 7.74608331e-04 3.99108467e+00 2.31582830e-03 -4.70415418e-01 -8.48395689e+00 4.34126838e-02 1.87746956e+00 8.87827913e-03
9.60638700e+11 9.95823200e-01 1.44653600e+00 2.79631900e-02 -1.26423100e-01 -9.06217230e-04 3.98684482e+00 2.32688265e-03 -4.76532219e-01 -8.36617973e+00 3.89499398e-02 1.89985790e+00 9.70876176e-03
9.69787600e+11 9.95832800e-01 1.42890400e+00 2.73233200e-02 -1.42305500e-01 -2.56420572e-03 3.97988550e+00 2.34370564e-03 -4.82670812e-01 -8.24537969e+00 3.47245715e-02 1.92096856e+00 1.05653473e-02
9.78936600e+11 9.95924000e-01 1.41115100e+00 2.65275400e-02 -1.62539400e-01 -8.56935936e-06 3.97931747e+00 2.31096243e-03 -4.88917454e-01 -8.13885570e+00 3.84523404e-02 1.94555774e+00 9.20024285e-03
9.88085500e+11 9.96031200e-01 1.39313300e+00 2.54944900e-02 -1.81423800e-01 9.46879960e-04 3.98862659e+00 2.27235420e-03 -4.95361478e-01 -8.05177329e+00 3.88471080e-02 1.97581411e+00 8.59452453e-03
9.97234400e+11 9.95927700e-01 1.37507400e+00 2.44696300e-02 -1.93239400e-01 -5.07087364e-03 3.99867955e+00 2.36712613e-03 -5.01860141e-01 -7.96758735e+00 2.74766005e-02 2.00676588e+00 1.20102482e-02
1.00638300e+12 9.96177200e-01 1.35696200e+00 2.33763400e-02 -2.20000800e-01 3.38843794e-03 4.01320453e+00 2.23630857e-03 -5.08432114e-01 -7.89311272e+00 4.13818738e-02 2.04044964e+00 7.25197304e-03
1.01553200e+12 9.96183200e-01 1.33822000e+00 2.16755100e-02 -2.35317400e-01 1.74162345e-04 4.05552771e+00 2.27049646e-03 -5.15437885e-01 -7.86796697e+00 3.49961732e-02 2.09037302e+00 9.11829144e-03
1.02468100e+12 9.96065900e-01 1.31987700e+00 2.04328800e-02 -2.44974200e-01 -7.95580105e-03 4.08118108e+00 2.37642868e-03 -5.22222344e-01 -7.81493328e+00 2.03281814e-02 2.13126504e+00 1.38533329e-02
1.03383000e+12 9.96523400e-01 1.30084200e+00 1.84756400e-02 -2.85922000e-01 1.26607689e-02 4.14564125e+00 2.11774018e-03 -5.29500795e-01 -7.82911817e+00 5.52233487e-02 2.19514715e+00 2.07550381e-03
1.04297900e+12 9.96200700e-01 1.28148300e+00 1.62211600e-02 -2.80424500e-01 -1.03593386e-02 4.23521058e+00 2.36823434e-03 -5.37020386e-01 -7.88643040e+00 1.54883815e-02 2.27436988e+00 1.55931471e-02
1.05212800e+12 9.96431600e-01 1.26235300e+00 1.42741700e-02 -3.11651700e-01 8.74930840e-04 4.32135889e+00 2.25075282e-03 -5.44441876e-01 -7.93708496e+00 3.44193716e-02 2.35273071e+00 9.24996175e-03
1.06127700e+12 9.96655500e-01 1.24213900e+00 1.11784500e-02 -3.47537400e-01 1.51181443e-02 4.51129974e+00 2.14478688e-03 -5.52619795e-01 -8.16324923e+00 5.90398217e-02 2.49306597e+00 1.32119071e-03
1.07042600e+12 9.96448200e-01 1.22181300e+00 8.06931900e-03 -3.35698000e-01 -1.37634412e-02 4.77009012e+00 2.31771838e-03 -5.60919770e-01 -8.50400682e+00 1.06012518e-02 2.67560595e+00 1.87759118e-02
1.07957500e+12 9.96524800e-01 1.20123400e+00 4.72193500e-03 -3.61144600e-01 -9.26048807e-03 5.21025206e+00 2.29773264e-03 -5.69445373e-01 -9.14961265e+00 2.06567234e-02 2.96693265e+00 1.72451083e-02
1.08872400e+12 9.97067800e-01 1.17956800e+00 5.14508400e-04 -1.41954800e+00 8.99845655e-01 7.11710044e+00 1.96005247e-03 -5.78755157e-01 -1.22918496e+01 1.59642349e+00 4.12082233e+00 -5.06840423e-01
1.09787300e+12 9.96297200e-01 1.15679000e+00 5.21649900e-03 2.65709400e+00 2.79015550e+00 5.05115613e+00 2.48823982e-03 -5.88879024e-01 -8.55740564e+00 4.77423760e+00 2.98146247e+00 -1.63049556e+00
1.10702200e+12 9.96617800e-01 1.13510900e+00 9.57575100e-03 2.70376800e+00 2.70839543e+00 4.49269031e+00 2.26914846e-03 -5.98340742e-01 -7.49130755e+00 4.55492018e+00 2.69430541e+00 -1.61034875e+00
1.11617100e+12 9.97700600e-01 1.10872400e+00 1.86734800e-02 2.74135000e+00 2.63211349e+00 3.89421734e+00 1.46939859e-03 -6.11062523e-01 -6.36246762e+00 4.32273686e+00 2.38347790e+00 -1.60266375e+00
1.12532000e+12 9.94466600e-01 1.08399900e+00 2.60384000e-02 2.57871600e+00 2.72639159e+00 3.58522712e+00 3.59937524e-03 -6.22828096e-01 -5.73087806e+00 4.41055757e+00 2.24279349e+00 -1.68516871e+00
1.13446900e+12 9.98441000e-01 1.05770800e+00 3.48873400e-02 2.69393100e+00 2.58719474e+00 3.32112472e+00 6.97346342e-04 -6.35657533e-01 -5.22023618e+00 4.07583474e+00 2.11290211e+00 -1.64225385e+00
1.14361700e+12 9.94793700e-01 1.02216200e+00 5.29165700e-02 2.58132500e+00 2.62975372e+00 2.95471946e+00 2.71548078e-03 -6.55244561e-01 -4.49262884e+00 4.03201114e+00 1.94320490e+00 -1.71510834e+00
1.15276600e+12 9.92878300e-01 9.96137200e-01 6.14102000e-02 2.53272300e+00 2.62711475e+00 2.81310615e+00 3.76174170e-03 -6.68383849e-01 -4.18656407e+00 3.95411038e+00 1.89011724e+00 -1.74533889e+00
1.16191500e+12 9.98695900e-01 9.49975600e-01 9.00551600e-02 2.58670800e+00 2.52701958e+00 2.49424093e+00 -1.87341473e-03 -6.95589444e-01 -3.59555305e+00 3.62323442e+00 1.73023350e+00 -1.76244089e+00
1.17106400e+12 9.82560900e-01 9.04636400e-01 1.17673300e-01 2.41271000e+00 2.60797421e+00 2.25578207e+00 7.86698184e-03 -7.24328551e-01 -3.07483938e+00 3.63393644e+00 1.65444424e+00 -1.87128399e+00
1.18021300e+12 9.91569500e-01 8.55590200e-01 1.48533300e-01 2.46547800e+00 2.50946795e+00 2.06862342e+00 -1.86940805e-03 -7.54368860e-01 -2.75041763e+00 3.31976362e+00 1.55581387e+00 -1.89693158e+00
1.18936200e+12 9.73076400e-01 7.54205200e-01 2.30310500e-01 2.33926400e+00 2.50946201e+00 1.70971124e+00 1.63633084e-04 -8.29108970e-01 -2.06150937e+00 3.02710432e+00 1.41794756e+00 -2.08033770e+00
1.19851100e+12 9.35638700e-01 6.65552600e-01 2.98804700e-01 2.18504500e+00 2.53886166e+00 1.47656747e+00 1.69383829e-02 -9.04935517e-01 -1.57861537e+00 2.83512008e+00 1.37920255e+00 -2.27249543e+00
1.20766000e+12 8.97692600e-01 4.33949600e-01 4.94048500e-01 2.06934000e+00 2.43527890e+00 1.06814208e+00 -3.29468190e-02 -1.13234409e+00 -1.00502649e+00 2.12141036e+00 1.12926968e+00 -2.79276555e+00
1.21680900e+12 5.68403000e-01 -1.41883400e-02 8.08665900e-01 1.54194900e+00 2.50610711e+00 1.83256456e-01 1.28944385e+00 -5.50321845e+00 6.95811511e-02 4.39085991e-01 4.23998472e+00 -1.35553560e+01
1.22595800e+12 8.72182100e-02 1.90729800e+00 9.49896500e-01 8.41088700e-01 3.43814054e+00 3.75128543e-02 9.17985757e-01 -4.13004880e-02 3.73590877e+00 2.08944102e-01 3.15771334e+00 -1.07560616e-01
1.23510700e+12 6.37204000e-01 1.82511500e+00 7.95923800e-01 2.07617600e-01 3.94987639e+00 -2.52541371e-02 4.55907921e-01 1.81026866e-02 8.64792495e+00 -3.98775287e-01 1.80123710e+00 5.99898132e-02
1.24425600e+12 8.41768200e-01 1.46005900e+00 5.44032800e-01 -1.22688800e-01 4.79809720e+00 -3.45819644e-01 8.41061159e-03 1.54306397e-01 -5.44664836e-01 -3.11242973e+01 9.37171151e-02 7.37468537e-01
1.25340500e+12 8.77903400e-01 1.32495200e+00 4.43253400e-01 -2.11021300e-01 4.82949059e+00 -7.51441009e-01 -1.77392359e-02 3.21692256e-01 -3.15416542e+00 -1.48388343e+01 1.56061281e-01 1.56693971e+00
1.26255400e+12 9.35138700e-01 1.23425200e+00 3.77306100e-01 -3.68362200e-01 4.71890752e+00 -1.00148200e+00 8.16499195e-03 4.12789929e-01 -2.19914947e+00 -1.14752401e+01 4.51931523e-01 1.93974041e+00
1.27170300e+12 9.40154300e-01 1.15056500e+00 3.15819700e-01 -4.01684600e-01 4.73358861e+00 -1.17714399e+00 -6.46834704e-03 4.71284982e-01 -2.63508961e+00 -1.00078384e+01 5.24151789e-01 2.23848340e+00
1.28085200e+12 9.51045600e-01 1.11388800e+00 2.98351600e-01 -4.54406500e-01 4.68481834e+00 -1.23673017e+00 -2.28821728e-03 4.94930577e-01 -2.54250333e+00 -9.45385223e+00 6.01375696e-01 2.32148975e+00
1.29000100e+12 9.64803400e-01 1.06165300e+00 2.65805400e-01 -5.22177300e-01 4.63812705e+00 -1.34631876e+00 8.96953556e-04 5.30352380e-01 -2.52373855e+00 -8.74963686e+00 7.18183544e-01 2.45863413e+00
1.29914900e+12 9.61201700e-01 1.02720300e+00 2.50194800e-01 -5.25862800e-01 4.63116377e+00 -1.38967258e+00 -5.10332109e-03 5.48734661e-01 -2.61076863e+00 -8.41543373e+00 7.38927197e-01 2.54837203e+00
1.30829800e+12 9.70781200e-01 9.97517100e-01 2.39301400e-01 -5.82829100e-01 4.57617774e+00 -1.42953727e+00 1.03789708e-04 5.66261571e-01 -2.52303623e+00 -8.08184742e+00 8.09966979e-01 2.59116523e+00
1.31744700e+12 9.71122600e-01 9.63334600e-01 2.24017900e-01 -6.03263300e-01 4.55547358e+00 -1.47761464e+00 -2.42767510e-03 5.85426710e-01 -2.55622050e+00 -7.77085814e+00 8.53975867e-01 2.67048308e+00
1.32659600e+12 9.72343500e-01 9.39737100e-01 2.18910500e-01 -6.26571200e-01 4.52418598e+00 -1.49090901e+00 -2.40678875e-03 5.96974435e-01 -2.52795481e+00 -7.56833368e+00 8.79145805e-01 2.70441167e+00
1.33574500e+12 9.76067400e-01 9.12247400e-01 2.10489800e-01 -6.61882200e-01 4.48697285e+00 -1.51848869e+00 -1.00570437e-03 6.11890077e-01 -2.49368216e+00 -7.32887345e+00 9.24635591e-01 2.74706131e+00
1.34489400e+12 9.75378700e-01 8.87684100e-01 2.04636900e-01 -6.78438500e-01 4.46267119e+00 -1.53322044e+00 -2.48717911e-03 6.24053006e-01 -2.48533679e+00 -7.14120382e+00 9.45711363e-01 2.78875676e+00
1.35404300e+12 9.77325700e-01 8.65102900e-01 2.00819000e-01 -7.04840200e-01 4.42944747e+00 -1.54239029e+00 -1.63630913e-03 6.35141698e-01 -2.44636988e+00 -6.96764906e+00 9.72388444e-01 2.81585061e+00
1.36319200e+12 9.78102500e-01 8.41497100e-01 1.96598500e-01 -7.28371200e-01 4.39976416e+00 -1.55234329e+00 -1.70936172e-03 6.46943896e-01 -2.41745456e+00 -6.79445603e+00 9.96758225e-01 2.84905408e+00
1.37234100e+12 9.78361600e-01 8.19705900e-01 1.93505700e-01 -7.49102700e-01 4.37123483e+00 -1.55734404e+00 -1.99320672e-03 6.57408707e-01 -2.38905082e+00 -6.64194574e+00 1.01509876e+00 2.87679195e+00
1.38149000e+12 9.79145700e-01 7.98207100e-01 1.91416400e-01 -7.70311700e-01 4.34234669e+00 -1.55899848e+00 -1.74117260e-03 6.67708767e-01 -2.35179069e+00 -6.49722158e+00 1.03339618e+00 2.90213744e+00
1.39063900e+12 9.79630900e-01 7.76708100e-01 1.89394100e-01 -7.93592100e-01 4.31252350e+00 -1.56012899e+00 -1.66899923e-03 6.78141683e-01 -2.31623158e+00 -6.35362465e+00 1.05079090e+00 2.92710580e+00
1.39978800e+12 9.79603400e-01 7.55825800e-01 1.87762300e-01 -8.12424700e-01 4.28577684e+00 -1.55921962e+00 -1.95679528e-03 6.88069052e-01 -2.28377544e+00 -6.22220684e+00 1.06446438e+00 2.95196148e+00
1.40893700e+12 9.80148600e-01 7.35462600e-01 1.87137900e-01 -8.33621100e-01 4.25726088e+00 -1.55491954e+00 -1.64659597e-03 6.97717900e-01 -2.24296645e+00 -6.09640031e+00 1.07788520e+00 2.97292745e+00
1.41808600e+12 9.80300200e-01 7.14442300e-01 1.86260700e-01 -8.54956600e-01 4.22956687e+00 -1.55134023e+00 -1.66977443e-03 7.07947124e-01 -2.20540124e+00 -5.96920900e+00 1.09120443e+00 2.99690009e+00
1.42723500e+12 9.79983100e-01 6.94572700e-01 1.85943900e-01 -8.74366600e-01 4.20282039e+00 -1.54511694e+00 -1.97478265e-03 7.17328334e-01 -2.17010161e+00 -5.85301697e+00 1.10005650e+00 3.01785342e+00
1.43638400e+12 9.80701600e-01 6.74257600e-01 1.86115300e-01 -8.94134700e-01 4.17622488e+00 -1.53792915e+00 -1.42064863e-03 7.27123606e-01 -2.12629972e+00 -5.73933252e+00 1.11233164e+00 3.03881655e+00
1.44553200e+12 9.80044200e-01 6.53645400e-01 1.86538200e-01 -9.15920300e-01 4.14913198e+00 -1.52900247e+00 -1.87068192e-03 7.37266267e-01 -2.08814686e+00 -5.62242694e+00 1.11952024e+00 3.06187532e+00
1.45468100e+12 9.80164700e-01 6.34309300e-01 1.86737500e-01 -9.34861900e-01 4.12324066e+00 -1.52109239e+00 -1.76599760e-03 7.46468408e-01 -2.05077480e+00 -5.51881226e+00 1.12816578e+00 3.08055514e+00
1.46383000e+12 9.80403900e-01 6.13373900e-01 1.88307800e-01 -9.53894200e-01 4.09857144e+00 -1.50886055e+00 -1.37311079e-03 7.56933802e-01 -2.00320100e+00 -5.41106872e+00 1.13647976e+00 3.10441909e+00
1.47297900e+12 9.79412400e-01 5.93485800e-01 1.89185700e-01 -9.77639900e-01 4.07078269e+00 -1.49808643e+00 -2.01070813e-03 7.66845129e-01 -1.96747662e+00 -5.30332203e+00 1.14061512e+00 3.12467209e+00
1.48212800e+12 9.79875400e-01 5.73500700e-01 1.90536600e-01 -9.93828900e-01 4.04791801e+00 -1.48668786e+00 -1.47595776e-03 7.76704133e-01 -1.92399472e+00 -5.20800406e+00 1.14874204e+00 3.14622894e+00
1.49127700e+12 9.79327400e-01 5.52461800e-01 1.93048200e-01 -1.01609900e+00 4.02230102e+00 -1.47111233e+00 -1.52800093e-03 7.87629149e-01 -1.87767305e+00 -5.10320363e+00 1.15254487e+00 3.17032939e+00
1.50042600e+12 9.78601400e-01 5.32225800e-01 1.94772500e-01 -1.03785600e+00 3.99686326e+00 -1.45800650e+00 -1.84808310e-03 7.98048071e-01 -1.83855389e+00 -5.00404124e+00 1.15617274e+00 3.19238353e+00
1.50957500e+12 9.78423800e-01 5.11808400e-01 1.97197300e-01 -1.05675900e+00 3.97351900e+00 -1.44315145e+00 -1.62284352e-03 8.08615697e-01 -1.79457340e+00 -4.91037548e+00 1.16050651e+00 3.21539184e+00
1.51872400e+12 9.78419800e-01 4.89912700e-01 2.00904800e-01 -1.07591700e+00 3.95115739e+00 -1.42480758e+00 -1.03205790e-03 8.20477391e-01 -1.74261399e+00 -4.81348902e+00 1.16494458e+00 3.24330579e+00
1.52787300e+12 9.75886700e-01 4.68619500e-01 2.04215200e-01 -1.10542400e+00 3.92266814e+00 -1.40636181e+00 -2.55743413e-03 8.32354379e-01 -1.70408298e+00 -4.70750218e+00 1.16055944e+00 3.26864668e+00
1.53702200e+12 9.77410400e-01 4.48822000e-01 2.06378300e-01 -1.11640800e+00 3.90444682e+00 -1.39383178e+00 -9.44969875e-04 8.42523927e-01 -1.65954839e+00 -4.63236529e+00 1.17064704e+00 3.29090699e+00
1.54617100e+12 9.75818200e-01 4.21726600e-01 2.15460400e-01 -1.14205900e+00 3.88216070e+00 -1.36053930e+00 -6.49152461e-04 8.59309299e-01 -1.58670603e+00 -4.51657010e+00 1.16660396e+00 3.33685998e+00
1.55532000e+12 9.71064200e-01 4.04532800e-01 2.15228600e-01 -1.18134600e+00 3.84648666e+00 -1.35121054e+00 -4.76242668e-03 8.68718577e-01 -1.57963266e+00 -4.41911094e+00 1.15550309e+00 3.34794946e+00
1.56446900e+12 9.78591900e-01 3.77702400e-01 2.24446100e-01 -1.16529100e+00 3.84875169e+00 -1.32430812e+00 3.46393833e-03 8.84002748e-01 -1.48099857e+00 -4.35958122e+00 1.18402386e+00 3.39771975e+00
1.57361800e+12 9.65076100e-01 3.47982400e-01 2.36352800e-01 -1.24154500e+00 3.79958060e+00 -1.27955258e+00 -5.94721955e-03 9.06322934e-01 -1.43925406e+00 -4.18285899e+00 1.13709091e+00 3.45125682e+00
1.58276700e+12 9.71446400e-01 3.36804400e-01 2.30416200e-01 -1.23169600e+00 3.78964697e+00 -1.29105763e+00 -1.51494102e-03 9.08682248e-01 -1.42775108e+00 -4.16810609e+00 1.16742006e+00 3.44554081e+00
1.59191600e+12 9.72268800e-01 2.85775800e-01 2.63300100e-01 -1.24839300e+00 3.78739895e+00 -1.20843261e+00 6.92844826e-03 9.47445675e-01 -1.24616444e+00 -4.00659693e+00 1.17116505e+00 3.57998219e+00
1.60106400e+12 9.46982200e-01 2.75537600e-01 2.57002900e-01 -1.36320500e+00 3.70632883e+00 -1.20060963e+00 -1.88910309e-02 9.56824147e-01 -1.33074516e+00 -3.84730015e+00 1.07875592e+00 3.56898568e+00
1.61021300e+12 9.81165200e-01 2.37371800e-01 2.77598100e-01 -1.25279000e+00 3.76936301e+00 -1.17036169e+00 1.91905334e-02 9.76664431e-01 -1.12205803e+00 -3.88147227e+00 1.21538672e+00 3.65894292e+00
1.61936200e+12 9.30507600e-01 1.63950200e-01 3.30431300e-01 -1.44081800e+00 3.68330692e+00 -1.03546164e+00 -1.45728470e-02 1.05780550e+00 -1.02665242e+00 -3.46788297e+00 1.04164075e+00 3.91131193e+00
1.62851100e+12 9.41943100e-01 1.86155300e-01 2.93313800e-01 -1.42550400e+00 3.65874201e+00 -1.10339650e+00 -1.47576959e-02 1.02422677e+00 -1.12853325e+00 -3.55593856e+00 1.07613364e+00 3.76366510e+00
1.63766000e+12 9.60029100e-01 -1.60860100e-02 4.69901300e-01 -1.42368200e+00 3.75451420e+00 -8.41686369e-01 9.44481663e-02 1.21914347e+00 -4.49114112e-01 -3.11442606e+00 1.38074342e+00 4.49779574e+00
1.64680900e+12 6.17912200e-01 -9.48332300e-02 5.68090600e-01 -2.09225300e+00 3.36055255e+00 -4.85317533e-01 -7.38844610e-01 1.48188596e+00 -1.16785361e+00 -1.68548071e+00 -1.76374090e+00 5.33852990e+00
1.65595800e+12 7.12917100e-01 5.00614200e-01 2.90162600e-01 -2.87240900e+00 2.64833389e+00 -9.12868568e-01 -2.91730732e-01 6.81071520e-01 -2.53992253e+00 -2.80052884e+00 -1.50871602e-01 2.07001661e+00
1.66510700e+12 1.02898800e+00 2.45926600e-01 1.75779900e-01 -1.06259600e+00 3.74727432e+00 -1.41226168e+00 3.80162703e-02 9.22815496e-01 -1.36078985e+00 -4.11675627e+00 1.44571436e+00 3.40435389e+00
1.67425600e+12 9.19425900e-01 -2.30764900e-02 4.09607400e-01 -1.57055400e+00 3.59414695e+00 -8.71367416e-01 9.88264853e-03 1.22834920e+00 -6.85795438e-01 -2.93151525e+00 1.10586316e+00 4.40625613e+00
1.68340500e+12 8.57457300e-01 -1.25452800e-01 4.85842500e-01 -1.72483000e+00 3.54450978e+00 -7.27471715e-01 -2.92752234e-02 1.40945956e+00 -5.68123865e-01 -2.50300040e+00 9.21575646e-01 5.01714009e+00
1.69255400e+12 6.46996900e-01 -5.48871600e-01 7.91421000e-01 -2.06988400e+00 3.63647073e+00 -1.25790493e-01 3.42520775e+00 4.67407849e+00 3.53426029e-01 -5.19014210e-01 1.30436223e+01 1.65662911e+01
1.70170300e+12 5.96463600e-02 7.95111100e-01 9.43651400e-01 -2.81782300e+00 4.30457047e+00 3.29787679e-02 9.69117659e-01 -5.51160764e-02 4.42549237e+00 2.85718190e-01 4.17345292e+00 -2.05290729e-01
1.71085200e+12 7.11218600e-01 1.13810700e+00 7.19001200e-01 2.68347200e+00 4.87310855e+00 -1.99972029e-02 2.93441936e-01 1.70528604e-02 1.65468802e+01 -1.02973980e+00 1.43031542e+00 7.72324219e-02
1.72000100e+12 9.51617900e-01 6.90776300e-01 3.65408600e-01 2.20205400e+00 5.19009333e+00 -8.37455843e-01 1.65672440e-02 5.28382478e-01 -1.27570400e+00 -9.86260607e+00 5.28482536e-01 2.72848004e+00
1.72915000e+12 9.47833700e-01 5.28176800e-01 2.27382600e-01 2.20935400e+00 5.26739133e+00 -1.12829818e+00 -2.10937726e-02 6.44914514e-01 -2.01452031e+00 -8.10169004e+00 6.16546718e-01 3.42081719e+00
1.73829900e+12 1.00066700e+00 4.40451600e-01 1.57221300e-01 1.92095400e+00 5.12248153e+00 -1.37003346e+00 1.02628669e-02 7.15360707e-01 -1.81206119e+00 -7.18669396e+00 1.03263945e+00 3.65036154e+00
1.74744700e+12 9.92961500e-01 3.42793700e-01 7.65293300e-02 1.95156800e+00 5.16803388e+00 -1.76342915e+00 -3.38104248e-03 7.86494512e-01 -2.27034374e+00 -6.56121266e+00 1.36945401e+00 4.07059251e+00
1.75659600e+12 9.91175200e-01 3.11697700e-01 6.24577800e-02 1.97346000e+00 5.17014333e+00 -1.86630659e+00 -5.77814468e-03 8.05750506e-01 -2.36212635e+00 -6.39961699e+00 1.47390364e+00 4.17662940e+00
1.76574500e+12 1.00627100e+00 2.56562500e-01 2.51890800e-02 1.51517200e+00 4.92421548e+00 -2.36011307e+00 5.61114837e-03 8.46453145e-01 -2.74955339e+00 -5.83569647e+00 2.02535564e+00 4.15487474e+00
1.77489400e+12 9.92853600e-01 2.18417900e-01 6.50162100e-03 2.93806700e+00 5.68541922e+00 -3.07130415e+00 -6.33227942e-03 8.72810479e-01 -3.56593828e+00 -6.48805078e+00 2.64466478e+00 4.98174183e+00
1.78404300e+12 1.00043000e+00 1.92676300e-01 6.51530700e-03 -1.12504600e+00 6.85697803e+00 -3.05972020e+00 4.00311611e-04 8.88878195e-01 -3.43875181e+00 -7.71574176e+00 2.72246350e+00 6.09379341e+00
1.79319200e+12 9.99913400e-01 1.54459100e-01 2.76745700e-02 -1.36399700e+00 6.71517693e+00 -2.27589885e+00 2.67531240e-04 9.16542224e-01 -2.48099704e+00 -7.32736637e+00 2.08775391e+00 6.15413432e+00
1.80234100e+12 9.95529300e-01 1.31029300e-01 3.43601000e-02 -1.51827600e+00 6.61200548e+00 -2.14817911e+00 -3.63032753e-03 9.31256679e-01 -2.33439585e+00 -7.09098900e+00 1.97650240e+00 6.16527286e+00
1.81149000e+12 9.99731700e-01 1.04655300e-01 4.38213800e-02 -1.42488500e+00 6.64149151e+00 -2.01211839e+00 6.50439457e-04 9.48708332e-01 -2.11610243e+00 -7.00201283e+00 1.91323337e+00 6.29952957e+00
1.82063900e+12 9.97073800e-01 7.71930500e-02 5.43057000e-02 -1.49951500e+00 6.58346360e+00 -1.88876299e+00 -1.40514873e-03 9.67784857e-01 -1.96150792e+00 -6.79976272e+00 1.81866547e+00 6.37403037e+00
1.82978800e+12 9.96349300e-01 5.57422200e-02 5.88987700e-02 -1.52853000e+00 6.54660301e+00 -1.83685234e+00 -1.88067370e-03 9.81262011e-01 -1.88470832e+00 -6.66800347e+00 1.79012139e+00 6.42738736e+00
1.83893700e+12 9.97702200e-01 3.16375700e-02 6.60435400e-02 -1.52458600e+00 6.52854044e+00 -1.76920884e+00 -1.15340386e-04 9.97442090e-01 -1.77450277e+00 -6.54507749e+00 1.76393036e+00 6.51204508e+00
1.84808600e+12 9.95962700e-01 8.40842600e-03 7.22710500e-02 -1.56741400e+00 6.48611421e+00 -1.71309249e+00 -1.44276067e-03 1.01321377e+00 -1.69986326e+00 -6.39910541e+00 1.72637099e+00 6.57429181e+00
1.85723500e+12 9.95790900e-01 -1.23161600e-02 7.59626900e-02 -1.58628600e+00 6.45510436e+00 -1.67890636e+00 -1.35674057e-03 1.02656492e+00 -1.64376811e+00 -6.28589002e+00 1.71474848e+00 6.62886155e+00
1.86638400e+12 9.96285400e-01 -3.46355800e-02 8.12908200e-02 -1.59790300e+00 6.42892534e+00 -1.63612520e+00 -4.20628002e-04 1.04171476e+00 -1.57309936e+00 -6.17084819e+00 1.70167159e+00 6.69779463e+00
1.87553300e+12 9.95033700e-01 -5.60962600e-02 8.54904400e-02 -1.63090300e+00 6.39168556e+00 -1.60162959e+00 -1.38366605e-03 1.05634959e+00 -1.52411573e+00 -6.04873307e+00 1.68303680e+00 6.75407054e+00
1.88468200e+12 9.95035800e-01 -7.62353200e-02 8.85543500e-02 -1.64624900e+00 6.36307657e+00 -1.57570953e+00 -1.11035302e-03 1.06965965e+00 -1.47926769e+00 -5.94715716e+00 1.67840764e+00 6.80807587e+00
1.89383100e+12 9.95190900e-01 -9.75830300e-02 9.26912600e-02 -1.66490700e+00 6.33370073e+00 -1.54475232e+00 -5.46012598e-04 1.08449845e+00 -1.42733331e+00 -5.83949328e+00 1.67182321e+00 6.86973206e+00
1.90297900e+12 9.94194800e-01 -1.18104200e-01 9.56652200e-02 -1.69090500e+00 6.30048203e+00 -1.52049266e+00 -1.34786105e-03 1.09872535e+00 -1.39090217e+00 -5.73264945e+00 1.66211166e+00 6.92454876e+00
1.91212800e+12 9.94324700e-01 -1.37907600e-01 9.83952400e-02 -1.70730700e+00 6.27203913e+00 -1.49869894e+00 -9.19098646e-04 1.11226529e+00 -1.35208812e+00 -5.63786038e+00 1.66118619e+00 6.97754889e+00
1.92127700e+12 9.94268200e-01 -1.58767400e-01 1.01504500e-01 -1.72755200e+00 6.24248541e+00 -1.47541633e+00 -6.41046828e-04 1.12723682e+00 -1.31202765e+00 -5.53711892e+00 1.65914188e+00 7.03770522e+00
1.93042600e+12 9.93474600e-01 -1.78706500e-01 1.03898600e-01 -1.75063300e+00 6.21131571e+00 -1.45579906e+00 -1.28458686e-03 1.14141456e+00 -1.28155684e+00 -5.44032786e+00 1.65369127e+00 7.09155629e+00
1.93957500e+12 9.93684500e-01 -1.98524400e-01 1.06083200e-01 -1.76756600e+00 6.18345301e+00 -1.43802531e+00 -7.82615784e-04 1.15558005e+00 -1.24804195e+00 -5.35010642e+00 1.65691409e+00 7.14660039e+00
1.94872400e+12 9.93457800e-01 -2.18969400e-01 1.08730600e-01 -1.78860400e+00 6.15413386e+00 -1.41821109e+00 -7.24919541e-04 1.17075753e+00 -1.21461623e+00 -5.25578796e+00 1.65592006e+00 7.20602668e+00
1.95787300e+12 9.92977600e-01 -2.38917000e-01 1.10254300e-01 -1.81100700e+00 6.12415660e+00 -1.40361889e+00 -1.11754573e-03 1.18557766e+00 -1.18877946e+00 -5.16442598e+00 1.65725518e+00 7.26223188e+00
1.96702200e+12 9.92873200e-01 -2.58596200e-01 1.12473000e-01 -1.82525900e+00 6.09829606e+00 -1.38640534e+00 -9.42823588e-04 1.20019123e+00 -1.15914450e+00 -5.08019308e+00 1.65820191e+00 7.32042858e+00
1.97617100e+12 9.93249500e-01 -2.79079100e-01 1.14267000e-01 -1.85386400e+00 6.06621523e+00 -1.37138779e+00 -2.61702883e-04 1.21623176e+00 -1.12864428e+00 -4.98747035e+00 1.66633785e+00 7.37828255e+00
1.98532000e+12 9.91974800e-01 -2.99488200e-01 1.15007500e-01 -1.86499500e+00 6.04257075e+00 -1.36013496e+00 -1.73351448e-03 1.23212766e+00 -1.11078888e+00 -4.90261307e+00 1.66538502e+00 7.44757638e+00
1.99446900e+12 9.92777400e-01 -3.18223000e-01 1.18060100e-01 -1.89018400e+00 6.01189895e+00 -1.34067412e+00 -2.97225274e-04 1.24646423e+00 -1.07673175e+00 -4.82290530e+00 1.66931544e+00 7.49401545e+00
